TestCode                               N    rpm         G    r_0    H_p0    H_f0    d_p    rho_p     phi_p  IF      C_m        C_v    rho_f        mu_f    sigma_f
20210420_08g_010w_050_050_001    1            0    9.81    0.054    0.05    0.05  0.008  2632.25  0.60636   w     0      0          1000     0.00104792  0.0725
20210420_06g_010w_050_050_001    1            0    9.81    0.054    0.05    0.05  0.006  2671.94  0.603083  w     0      0          1000     0.00104792  0.0725
20210420_04g_010w_050_050_001    1            0    9.81    0.054    0.05    0.05  0.004  2661.87  0.600609  w     0      0          1000     0.00104792  0.0725
20210429_08g_300g_050_050_030   28.0783     116  275.448   0.054    0.05    0.05  0.008  2632.25  0.60636   g     0.726  0.677719   1188.76  0.0330654   0.0658934
20210429_06g_300g_050_050_030   28.0783     116  275.448   0.054    0.05    0.05  0.006  2671.94  0.603083  g     0.731  0.683216   1190.06  0.0314989   0.0658479
20210429_04g_300g_050_050_030   28.0783     116  275.448   0.054    0.05    0.05  0.004  2661.87  0.600609  g     0.728  0.679916   1189.28  0.0321238   0.0658752
20210430_02g_300g_050_050_030   28.0783     116  275.448   0.054    0.05    0.05  0.002  2632.25  0.60636   g     0.728  0.679916   1189.28  0.0321238   0.0658752
20210504_00g_300g_000_050_030   28.0783     116  275.448   0.054    0       0.05  0      2671.94  0.603083  g     0.731  0.683216   1190.06  0.0314989   0.0658479
20210623_08g_150g_050_050_015   14.0308      82  137.642   0.054    0.05    0.05  0.008  2632.25  0.60636   g     0.644  0.589441   1167.44  0.0156833   0.0666396
20210628_06g_150g_050_050_015   14.0308      82  137.642   0.054    0.05    0.05  0.006  2671.94  0.603083  g     0.643  0.588386   1167.18  0.0158737   0.0666487
20210628_04g_150g_050_050_015   14.0308      82  137.642   0.054    0.05    0.05  0.004  2661.87  0.600609  g     0.643  0.588386   1167.18  0.0158737   0.0666487
20210630_02g_150g_050_050_015   14.0308      82  137.642   0.054    0.05    0.05  0.002  2632.25  0.60636   g     0.642  0.587331   1166.92  0.0160674   0.0666578
20210630_00g_150g_000_050_015   14.0308      82  137.642   0.054    0       0.05  0      2671.94  0.603083  g     0.644  0.589441   1167.44  0.0156833   0.0666396
20210804_08g_050g_050_050_005    4.60947     47   45.2189  0.054    0.05    0.05  0.008  2632.25  0.60636   g     0.461  0.404336   1119.86  0.00504826  0.0683049
20210809_06g_050g_050_050_005    4.60947     47   45.2189  0.054    0.05    0.05  0.006  2671.94  0.603083  g     0.46   0.403367   1119.6   0.00517018  0.068314
20210809_04g_050g_050_050_005    4.60947     47   45.2189  0.054    0.05    0.05  0.004  2661.87  0.600609  g     0.461  0.404336   1119.86  0.00512125  0.0683049
20210809_02g_050g_050_050_005    4.60947     47   45.2189  0.054    0.05    0.05  0.002  2632.25  0.60636   g     0.461  0.404336   1119.86  0.00504826  0.0683049
20210810_00g_050g_000_050_005    4.60947     47   45.2189  0.054    0       0.05  0      2671.94  0.603083  g     0.461  0.404336   1119.86  0.00512125  0.0683049
20210816_08g_010w_050_050_001    1            0    9.81    0.054    0.05    0.05  0.008  2632.25  0.60636   w     0      0          1000     0.00101208  0.0725
20210816_06g_010w_050_050_001    1            0    9.81    0.054    0.05    0.05  0.006  2671.94  0.603083  w     0      0          1000     0.00101208  0.0725
20210816_04g_010w_050_050_001    1            0    9.81    0.054    0.05    0.05  0.004  2661.87  0.600609  w     0      0          1000     0.00100054  0.0725
20210816_02g_010w_050_050_001    1            0    9.81    0.054    0.05    0.05  0.002  2632.25  0.60636   w     0      0          1000     0.00100054  0.0725
20210816_00g_010w_050_050_001    1            0    9.81    0.054    0.05    0.05  0      2671.94  0.603083  w     0      0          1000     0.00100054  0.0725
20210824_08g_012g_050_050_001    1            0    9.81    0.054    0.05    0.05  0.008  2632.25  0.60636   g     0.07   0.0563698  1018.2   0.00121498  0.071863
20210824_06g_012g_050_050_001    1            0    9.81    0.054    0.05    0.05  0.006  2671.94  0.603083  g     0.07   0.0563698  1018.2   0.00121498  0.071863
20210824_04g_012g_050_050_001    1            0    9.81    0.054    0.05    0.05  0.004  2661.87  0.600609  g     0.07   0.0563698  1018.2   0.00121498  0.071863
20210914_08g_010w_050_050_005    4.60947     47   45.2189  0.054    0.05    0.05  0.008  2632.25  0.60636   w     0      0          1000     0.00102382  0.0725
20210914_06g_010w_050_050_005    4.60947     47   45.2189  0.054    0.05    0.05  0.006  2671.94  0.603083  w     0      0          1000     0.00101208  0.0725
20210914_04g_010w_050_050_005    4.60947     47   45.2189  0.054    0.05    0.05  0.004  2661.87  0.600609  w     0      0          1000     0.00101208  0.0725
20210914_02g_010w_050_050_005    4.60947     47   45.2189  0.054    0.05    0.05  0.002  2632.25  0.60636   w     0      0          1000     0.00100054  0.0725
20210915_00g_010w_000_050_005    4.60947     47   45.2189  0.054    0       0.05  0      2671.94  0.603083  w     0      0          1000     0.00102382  0.0725
20211124_08g_010k_050_050_005    4.60947     47   45.2189  0.054    0.05    0.05  0.008  2632.25  0.60636   k     0.1    0.0402414  1165     0.0166729   0.0925886
20211124_08g_010w_050_050_005    4.60947     47   45.2189  0.054    0.05    0.05  0.008  2632.25  0.60636   w     0      0          1000     0.00100054  0.0725
20211125_08g_010k_050_050_030   28.0783     116  275.448   0.054    0.05    0.05  0.008  2632.25  0.60636   k     0.1    0.0402414  1165     0.00764511  0.0925886
20211125_08g_010k_050_050_015   14.0308      82  137.642   0.054    0.05    0.05  0.008  2632.25  0.60636   k     0.1    0.0402414  1165     0.0103133   0.0925886
20211125_04g_010k_050_050_030   28.0783     116  275.448   0.054    0.05    0.05  0.004  2661.87  0.600609  k     0.1    0.0402414  1165     0.00764511  0.0925886
20211125_04g_010k_050_050_015   14.0308      82  137.642   0.054    0.05    0.05  0.004  2661.87  0.600609  k     0.1    0.0402414  1165     0.0103133   0.0925886
20211126_04g_010k_050_050_005    4.60947     47   45.2189  0.054    0.05    0.05  0.004  2661.87  0.600609  k     0.1    0.0402414  1165     0.0166729   0.0925886
20211126_08g_020k_050_050_030   28.0783     116  275.448   0.054    0.05    0.05  0.008  2632.25  0.60636   k     0.2    0.0862069  1330     0.0317778   0.0989551
20211126_08g_020k_050_050_015   14.0308      82  137.642   0.054    0.05    0.05  0.008  2632.25  0.60636   k     0.2    0.0862069  1330     0.0410105   0.0989551
20211126_08g_020k_050_050_001    1            0    9.81    0.054    0.05    0.05  0.008  2632.25  0.60636   k     0.2    0.0862069  1330     0.108301    0.0989551
20211126_04g_020k_050_050_030   28.0783     116  275.448   0.054    0.05    0.05  0.004  2661.87  0.600609  k     0.2    0.0862069  1330     0.0317778   0.0989551
20211126_08g_020k_050_050_005    4.60947     47   45.2189  0.054    0.05    0.05  0.008  2632.25  0.60636   k     0.2    0.0862069  1330     0.0617495   0.0989551
20211129_04g_020k_050_050_015   14.0308      82  137.642   0.054    0.05    0.05  0.004  2661.87  0.600609  k     0.2    0.0862069  1330     0.0410105   0.0989551
20220411_08g_500g_050_050_005    4.60947     47   45.2189  0.054    0.05    0.05  0.008  2632.25  0.60636   g     0.784  0.742312   1203.84  0.0524632   0.0653656
20220411_00g_500g_000_050_005    4.60947     47   45.2189  0.054    0       0.05  0      2671.94  0.603083  g     0.784  0.742312   1203.84  0.0524632   0.0653656
20220411_08g_1000g_050_050_005   4.60947     47   45.2189  0.054    0.05    0.05  0.008  2632.25  0.60636   g     0.845  0.812266   1219.7   0.10529     0.0648105
20220411_00g_1000g_000_050_005   4.60947     47   45.2189  0.054    0       0.05  0      2671.94  0.603083  g     0.845  0.812266   1219.7   0.10529     0.0648105
20220411_08g_1500g_050_050_005   4.60947     47   45.2189  0.054    0.05    0.05  0.008  2632.25  0.60636   g     0.875  0.847458   1227.5   0.156765    0.0645375
20220411_00g_1500g_000_050_005   4.60947     47   45.2189  0.054    0       0.05  0      2671.94  0.603083  g     0.875  0.847458   1227.5   0.156765    0.0645375
20220412_08g_020k_050_050_005    4.60947     47   45.2189  0.054    0.05    0.05  0.008  2632.25  0.60636   k     0.2    0.0862069  1330     0.0617495   0.0989551
20220412_00g_020k_000_050_005    4.60947     47   45.2189  0.054    0       0.05  0      2671.94  0.603083  k     0.2    0.0862069  1330     0.0617495   0.0989551
20220412_04g_020k_050_050_005    4.60947     47   45.2189  0.054    0.05    0.05  0.004  2661.87  0.600609  k     0.2    0.0862069  1330     0.0617495   0.0989551
20220412_08g_020k_050_050_015   14.0308      82  137.642   0.054    0.05    0.05  0.008  2632.25  0.60636   k     0.2    0.0862069  1330     0.0410105   0.0989551
20220412_04g_020k_050_050_015   14.0308      82  137.642   0.054    0.05    0.05  0.004  2661.87  0.600609  k     0.2    0.0862069  1330     0.0410105   0.0989551
20220413_08g_1000g_050_050_015  14.0308      82  137.642   0.054    0.05    0.05  0.008  2632.25  0.60636   g     0.845  0.812266   1219.7   0.10529     0.0648105
20220413_08g_010k_050_050_005    4.60947     47   45.2189  0.054    0.05    0.05  0.008  2632.25  0.60636   k     0.1    0.0402414  1165     0.0166729   0.0925886
20220606_08g_010w_050_050_001    1            0    9.81    0.054    0.05    0.05  0.008  2632.25  0.60636   w     0      0          1000     0.00104792  0.0725
20220606_06g_010w_050_050_001    1            0    9.81    0.054    0.05    0.05  0.006  2671.94  0.603083  w     0      0          1000     0.00104792  0.0725
20220606_04g_010w_050_050_001    1            0    9.81    0.054    0.05    0.05  0.004  2661.87  0.600609  w     0      0          1000     0.00104792  0.0725
20220606_02g_010w_050_050_001    1            0    9.81    0.054    0.05    0.05  0.002  2632.25  0.60636   w     0      0          1000     0.00104792  0.0725
20220608_08g_310g_050_050_001    1            0    9.81    0.054    0.05    0.05  0.008  2632.25  0.60636   g     0.734  0.68652    1190.84  0.0323584   0.0658206
20220608_06g_310g_050_050_001    1            0    9.81    0.054    0.05    0.05  0.006  2671.94  0.603083  g     0.734  0.68652    1190.84  0.0323584   0.0658206
20220608_04g_310g_050_050_001    1            0    9.81    0.054    0.05    0.05  0.004  2661.87  0.600609  g     0.734  0.68652    1190.84  0.0323584   0.0658206
20220608_02g_310g_050_050_001    1            0    9.81    0.054    0.05    0.05  0.002  2632.25  0.60636   g     0.734  0.68652    1190.84  0.0323584   0.0658206