  Frame    r_f (m) (Cam 1)    v_f (m/s) (Cam 1)    r_p (m) (Cam 1)    v_p (m/s) (Cam 1)    r_f (m) (Cam 2)    v_f (m/s) (Cam 2)    r_p (m) (Cam 2)    v_p (m/s) (Cam 2)
      0          0.0627392          0.146509             0.0619176          0.0156025            0.0627332          0.172623             0.0614712          0.000223604
      1          0.0633497          0.172347             0.0619826          0.0118402            0.0634524          0.188051             0.0614721          0.000223604
      2          0.0641755          0.21412              0.0620163         -0.00652871           0.0643003          0.195151             0.0614731         -0.0100622
      3          0.065134           0.235919             0.0619282         -0.0137767            0.0650787          0.194089             0.0613883         -0.0144225
      4          0.0661415          0.239294             0.0619015         -0.00320903           0.0659177          0.193697             0.0613529         -0.00424848
      5          0.0671281          0.225683             0.0619015          0                    0.0666928          0.185871             0.0613529          0
      6          0.0680222          0.216333             0.0619015          0                    0.0674666          0.187884             0.0613529          0
      7          0.0689309          0.215945             0.0619015          0                    0.0682585          0.180784             0.0613529          0
      8          0.0698217          0.216277             0.0619015          0                    0.0689731          0.172343             0.0613529          0
      9          0.0707332          0.229003             0.0619015          0                    0.0696947          0.183244             0.0613529          0.00195654
     10          0.0717301          0.224798             0.0619015          0.000221312          0.0705002          0.192971             0.0613692          0.00955909
     11          0.0726065          0.217218             0.0619033          0.0076906            0.0713028          0.199791             0.0614325          0.0221927
     12          0.0735402          0.227952             0.0619656          0.0198628            0.0721651          0.220418             0.0615541          0.0426526
     13          0.0745061          0.232931             0.0620689          0.0261148            0.0731396          0.236518             0.061788           0.0734541
     14          0.0754813          0.228118             0.0621832          0.0401682            0.0741361          0.246971             0.0621662          0.0957586
     15          0.0764071          0.228062             0.0624036          0.0641252            0.0751977          0.26458              0.062586           0.112753
     16          0.0773818          0.240124             0.0627176          0.0854265            0.0763409          0.275425             0.0631058          0.12097
     17          0.0784082          0.251964             0.0631155          0.101084             0.0774929          0.284928             0.063594           0.0753547
     18          0.0794815          0.266239             0.0635599          0.124543             0.0787153          0.300636             0.0637338          0.0812802
     19          0.0806268          0.287595             0.0641533          0.138984             0.0799982          0.311481             0.0642714          0.122815
     20          0.0818781          0.294511             0.0647181          0.146509             0.081311           0.309636             0.0647572          0.144001
     21          0.0830811          0.292851             0.0653742          0.146453             0.0825785          0.302593             0.0654714          0.172511
     22          0.0843186          0.302312             0.0659386          0.180757             0.0838326          0.304996             0.0661948          0.193362
     23          0.0856003          0.29678              0.0668806          0.209583             0.0851202          0.310531             0.0670827          0.209685
     24          0.0867917          0.287153             0.0676851          0.22939              0.0864203          0.313438             0.0679422          0.215722
     25          0.0879933          0.287872             0.0687921          0.246099             0.0877321          0.311649             0.0688804          0.226008
     26          0.0891907          0.288591             0.0697359          0.235255             0.0890174          0.315562             0.0698256          0.256027
     27          0.0903982          0.288868             0.0707526          0.264357             0.0903618          0.317127             0.071014           0.257425
     28          0.0915979          0.289753             0.0719389          0.291911             0.0916601          0.306394             0.0719708          0.269946
     29          0.0928128          0.291579             0.0731852          0.303419             0.0929151          0.302425             0.0732635          0.286214
     30          0.0940277          0.28328              0.0744674          0.293073             0.0941803          0.293872             0.0743559          0.294319
     31          0.0951735          0.284497             0.0756275          0.28173              0.095364           0.289512             0.0757162          0.318525
     32          0.0963985          0.295286             0.0768152          0.308565             0.0965929          0.292642             0.0770103          0.284537
     33          0.0976342          0.298993             0.0781988          0.303253             0.0978027          0.29309              0.0780873          0.276207
     34          0.0988901          0.300985             0.0793423          0.299159             0.0990353          0.286717             0.079312           0.278108
     35          0.100142           0.308399             0.0806918          0.289698             0.100192           0.277829             0.0804049          0.255077
     36          0.10146            0.305356             0.0817564          0.283778             0.101351           0.281798             0.0814377          0.261617
     37          0.102687           0.292575             0.0830566          0.277083             0.10254            0.290127             0.082585           0.277493
     38          0.103898           0.292685             0.0840654          0.25379              0.103768           0.29717              0.0837501          0.281406
     39          0.105126           0.294788             0.0851715          0.280126             0.105017           0.296388             0.0849301          0.265195
     40          0.106355           0.286931             0.0863998          0.295175             0.106238           0.289232             0.0859601          0.270617
     41          0.107517           0.279794             0.0876313          0.276308             0.107427           0.282357             0.0871852          0.27699
     42          0.108686           0.277802             0.0887024          0.278521             0.108591           0.270338             0.0882683          0.273971
     43          0.109832           0.273487             0.0899524          0.297388             0.10968            0.263127             0.0894683          0.260611
     44          0.110965           0.275423             0.0911806          0.331636             0.110784           0.25871              0.0904401          0.26145
     45          0.112127           0.266349             0.092716           0.329257             0.111836           0.250996             0.0916471          0.26799
     46          0.113185           0.259931             0.0939244          0.302368             0.112876           0.241884             0.0926733          0.274866
     47          0.114293           0.257165             0.0952357          0.303419             0.113851           0.24507              0.0939376          0.27727
     48          0.115328           0.256224             0.0964529          0.308177             0.114918           0.261226             0.0949839          0.264915
     49          0.116429           0.256501             0.0978039          0.306905             0.116028           0.256698             0.0961453          0.266648
     50          0.117466           0.2378               0.0990105          0.311386             0.117057           0.250381             0.097206           0.264692
     51          0.11841            0.229501             0.100399           0.336118             0.118115           0.242275             0.098351           0.27235
     52          0.119378           0.220648             0.101811           0.342038             0.119076           0.22366              0.0994756          0.282692
     53          0.120249           0.215945             0.103249           0.297776             0.119979           0.22176              0.100707           0.284593
     54          0.121178           0.216333             0.104293           0.252462             0.120924           0.216952             0.101847           0.286381
     55          0.122052           0.201505             0.105353           0.232544             0.121787           0.200182             0.103093           0.272406
     56          0.122857           0.207757             0.106231           0.248368             0.122592           0.194815             0.104117           0.270226
     57          0.123783           0.209195             0.107423           0.261204             0.12341            0.181846             0.105345           0.270114
     58          0.1246             0.181808             0.108407           0.246763             0.124107           0.169101             0.106368           0.26458
     59          0.125298           0.172402             0.109479           0.223802             0.124819           0.163902             0.10755            0.277996
     60          0.126037           0.177769             0.110273           0.220925             0.125473           0.147747             0.108685           0.265083
     61          0.12678            0.173287             0.11132            0.225738             0.12605            0.145846             0.109759           0.254015
     62          0.127481           0.165376             0.112154           0.238519             0.126689           0.147355             0.110802           0.256251
     63          0.128158           0.169691             0.113308           0.24787              0.127278           0.149647             0.111894           0.252394
     64          0.128895           0.165099             0.114219           0.254952             0.127936           0.159877             0.112905           0.252729
     65          0.129534           0.160285             0.115432           0.271716             0.128611           0.165188             0.114001           0.22925
     66          0.130231           0.162886             0.116484           0.261868             0.129312           0.166082             0.114815           0.213934
     67          0.130891           0.164103             0.117615           0.259433             0.129995           0.165579             0.115783           0.210915
     68          0.131598           0.172624             0.118645           0.247925             0.130692           0.160883             0.116573           0.230145
     69          0.132329           0.174615             0.119681           0.245159             0.131335           0.167144             0.117701           0.220083
     70          0.133053           0.174505             0.120688           0.257275             0.132085           0.173797             0.118407           0.24658
     71          0.133784           0.168363             0.121825           0.209085             0.132784           0.163287             0.119756           0.263574
     72          0.134456           0.163605             0.122431           0.201837             0.133446           0.165188             0.120603           0.226623
     73          0.135147           0.160728             0.123507           0.272435             0.13416            0.162057             0.121645           0.221145
     74          0.135796           0.158294             0.124701           0.247759             0.134796           0.15015              0.122446           0.214325
     75          0.136466           0.153701             0.125571           0.209583             0.135412           0.144672             0.123431           0.212927
     76          0.137077           0.148556             0.126448           0.205931             0.136002           0.136902             0.124221           0.221313
     77          0.137704           0.152263             0.127287           0.161779             0.136552           0.133492             0.125275           0.206275
     78          0.138345           0.157519             0.127796           0.246321             0.137114           0.130473             0.12594            0.206387
     79          0.139017           0.15514              0.12934            0.291579             0.13764            0.131983             0.126995           0.240878
     80          0.139638           0.138043             0.130226           0.221368             0.138214           0.134442             0.127947           0.233499
     81          0.140167           0.127808             0.131185           0.204603             0.13876            0.131144             0.128941           0.218182
     82          0.140703           0.127808             0.131931           0.170521             0.139307           0.134889             0.129765           0.198002
     83          0.141232           0.135996             0.132606           0.20073              0.139884           0.129746             0.130591           0.199567
     84          0.141837           0.145734             0.133603           0.218048             0.140388           0.127566             0.131428           0.177877
     85          0.142447           0.146398             0.134423           0.215779             0.140947           0.131591             0.132073           0.15384
     86          0.143057           0.140699             0.135402           0.208697             0.141485           0.131032             0.13271            0.197387
     87          0.143619           0.135332             0.136162           0.180812             0.142039           0.132486             0.133718           0.188443
     88          0.144184           0.137933             0.136908           0.197411             0.142589           0.129802             0.134281           0.150933
     89          0.144769           0.131183             0.137807           0.176054             0.143121           0.122535             0.134976           0.156859
     90          0.145278           0.1215               0.138375           0.160285             0.14361            0.113367             0.135588           0.149759
     91          0.145781           0.117683             0.139143           0.178986             0.144066           0.10638              0.136224           0.135337
     92          0.146258           0.118291             0.139867           0.196359             0.144496           0.104703             0.136715           0.133045
     93          0.146767           0.122164             0.140779           0.196249             0.144938           0.107386             0.137332           0.134274
     94          0.147276           0.11132              0.141502           0.197853             0.145391           0.106436             0.137834           0.15289
     95          0.147695           0.114418             0.142428           0.170244             0.145825           0.100734             0.138606           0.151492
     96          0.14823            0.122441             0.142921           0.124543             0.146231           0.0959263            0.139097           0.144001
     97          0.148715           0.120836             0.143466           0.137158             0.146624           0.0853051            0.139806           0.161163
     98          0.149237           0.113976             0.144064           0.114308             0.146942           0.0829014            0.14044            0.150206
     99          0.149665           0.106617             0.144418           0.122939             0.147315           0.0830132            0.141058           0.130529
    100          0.150125           0.10966              0.145089           0.149828             0.147633           0.0845784            0.141528           0.126001
    101          0.150579           0.0971007            0.145667           0.125207             0.14802            0.0854728            0.142108           0.134945
    102          0.150934           0.0979307            0.146132           0.127421             0.148346           0.0855287            0.142652           0.133715
    103          0.151395           0.105511             0.146729           0.128472             0.148733           0.0967089            0.143222           0.100287
    104          0.151814           0.106783             0.147203           0.137601             0.149152           0.0903921            0.143488           0.0880443
    105          0.152284           0.102966             0.147875           0.109716             0.149486           0.0873175            0.143956           0.123765
    106          0.152672           0.0901847            0.148117           0.100586             0.149879           0.0907834            0.144519           0.130865
    107          0.153036           0.0836007            0.148714           0.1324               0.150243           0.0820628            0.145047           0.0977711
    108          0.153368           0.0867544            0.14922            0.117627             0.150563           0.0815597            0.145334           0.0634478
    109          0.153759           0.0989819            0.149694           0.115802             0.150922           0.080274             0.145575           0.0867585
    110          0.154193           0.0946663            0.150185           0.119619             0.151232           0.0714416            0.146057           0.0949201
    111          0.154548           0.0847626            0.150691           0.110269             0.151518           0.0669695            0.146366           0.0913983
    112          0.1549             0.08432              0.151104           0.105123             0.15179            0.0659074            0.146819           0.111243
    113          0.155251           0.0843753            0.151567           0.0948323            0.152067           0.059367             0.147293           0.103417
    114          0.155603           0.0817749            0.151894           0.0857032            0.152285           0.0618266            0.14768            0.1222
    115          0.155932           0.0782339            0.152281           0.0912913            0.152582           0.0703795            0.148312           0.114485
    116          0.156255           0.0687174            0.152655           0.0874737            0.152871           0.0596465            0.148635           0.0637832
    117          0.156505           0.0723138            0.15301            0.101582             0.153079           0.0574663            0.148843           0.0693733
    118          0.156857           0.0788978            0.153502           0.0900187            0.15335            0.0676963            0.149213           0.0917896
    119          0.157162           0.0569879            0.15376            0.0913466            0.153643           0.0603732            0.149608           0.0816715
    120          0.157332           0.0531703            0.154263           0.0994245            0.153853           0.0618825            0.149893           0.0870939
    121          0.157605           0.0625207            0.154588           0.0630187            0.154159           0.0616589            0.150334           0.096653
    122          0.157853           0.0577072            0.154788           0.0587584            0.154367           0.0419258            0.150699           0.0843548
    123          0.158086           0.0605289            0.155078           0.0725904            0.154508           0.0439942            0.151037           0.0494725
    124          0.158358           0.0607502            0.155393           0.0787318            0.154734           0.0547272            0.151111           0.0573545
    125          0.158592           0.0567113            0.155734           0.0520084            0.154964           0.0552303            0.151515           0.0889946
    126          0.15883            0.0554387            0.155826           0.0359079            0.155194           0.0536651            0.151853           0.0671372
    127          0.159054           0.0557154            0.156033           0.0580945            0.155412           0.0453917            0.152074           0.0705472
    128          0.159295           0.0540555            0.156311           0.0573199            0.155572           0.040137             0.15244            0.0793796
    129          0.159505           0.0376231            0.156511           0.0394489            0.155746           0.0445532            0.152736           0.0589757
    130          0.159608           0.038453             0.156639           0.0429346            0.155944           0.0413668            0.152932           0.0393544
    131          0.159825           0.0518977            0.156869           0.0299325            0.156091           0.0458389            0.153064           0.0479632
    132          0.160041           0.0424919            0.156889           0.0271107            0.156326           0.0478514            0.153332           0.0432116
    133          0.160179           0.0387296            0.157095           0.0580391            0.15649            0.0414227            0.153424           0.0139753
    134          0.160363           0.0377891            0.157372           0.048744             0.156671           0.0452799            0.153448           0.0274474
    135          0.160494           0.0365165            0.157501           0.00392829           0.156867           0.0300189            0.153653           0.0312487
    136          0.160668           0.0400022            0.157405           0.00132787           0.156921           0.0278947            0.153709           0.0413668
    137          0.160828           0.0333075            0.157512           0.0108996            0.157099           0.0347146            0.153997           0.0297394
    138          0.160945           0.0297112            0.157496           0.0238464            0.15721            0.0329258            0.153956          -0.0099504
    139          0.161075           0.0309837            0.157711           0.014496             0.157374           0.0272797            0.153914           0.0125218
    140          0.161203           0.0201947            0.157617           0.0164324            0.157438           0.0149815            0.154061           0.017553
    141          0.161243           0.00979307           0.157848           0.0433219            0.157499           0.0215219            0.154061          -0.0144784
    142          0.161285           0.0181476            0.157978           0.038619             0.157617           0.028845             0.15394           -0.00911188
    143          0.161395           0.0222419            0.15817            0.0368485            0.157739           0.0233667            0.153985          -0.032814
    144          0.16147            0.0166537            0.158285           0.038785             0.157812           0.0115156            0.153667          -0.0221368
    145          0.161533           0.0231271            0.158493           0.0451477            0.157835           0.0119069            0.1538            -0.000670813
    146          0.161663           0.0172624            0.158661           0.024787             0.157911           0.0220809            0.153661          -0.0583049
    147          0.161677           0.0111763            0.158699           0.00796724           0.158019           0.0246524            0.153314          -0.0788206
    148          0.161756           0.0216886            0.158727           0.0063074            0.158116           0.0227518            0.153004          -0.0437147
    149          0.161858           0.0230165            0.158752           0.0293239            0.158209           0.0211306            0.15295           -0.00626092
    150          0.161948           0.0145513            0.158972           0.02783              0.158292           0.0160995            0.152952           0.00609322
    151          0.161979           0.00901847           0.158984           0.017539             0.158343           0.0153169            0.153001           0.00301866
    152          0.162023           0.0117295            0.159118           0.0309837            0.15842            0.0119628            0.152977          -0.0236462
    153          0.162077           0.00265575           0.159242           0.00780126           0.158442           0.0110684            0.152804          -0.0224163
    154          0.162045           0.00320903           0.159183           0.00697133           0.158512           0.0144225            0.15279           -0.00654043
    155          0.162104           0.00437092           0.1593             0.0202501            0.158563           0.00972679           0.152749          -0.00218014
    156          0.162082           0.000995905          0.159352           0.00874183           0.158593           0.00866467           0.152772          -0.00458389
    157          0.162112           0.00536682           0.159373          -0.0104017            0.158635           0.00698764           0.152711          -0.00967089
    158          0.162126          -0.00343034           0.159265           0.00331968           0.158652           0.000782616          0.152692          -0.0121864
    159          0.162084          -0.010623             0.159401           0.00171517           0.158641           0.0105653            0.15261           -0.0160436
    160          0.162038          -0.00271107           0.159279          -0.00448157           0.15874            0.01582              0.152558          -0.00888828
    161          0.162061           0.000940577          0.159363           0.0265575            0.158773           0.00888828           0.152536          -0.0120746
    162          0.162046          -0.003541             0.159501           0.00503485           0.158814           0.00788206           0.152457          -0.0128014
    163          0.162031           0.000165984          0.159405          -0.0211353            0.158839           0.00844107           0.152429          -0.0243729
    164          0.162047           0.00774593           0.159325          -0.003541             0.158884           0.0110684            0.152254          -0.0336525
    165          0.162096           0.00746929           0.159376          -0.00918446           0.158931           0.00665223           0.152148          -0.0124659
    166          0.162109           0.000719265          0.159248          -0.0187009            0.158939           0.00737895           0.15215            0.00771435
    167          0.162102           0.00271107           0.15922           -0.0257829            0.158993           0.00659633           0.152213           0.00190064
    168          0.162132           0.00254509           0.159033          -0.00912913           0.158994           0.000614912          0.152166          -0.00972679
    169          0.162123          -0.0128914            0.159144           0.0080779            0.158998           0.00184474           0.152132          -0.00944729
    170          0.162025          -0.0153259            0.1591            -0.0132787            0.15901            0.0049752            0.152087          -0.0112361
    171          0.161995          -0.00514551           0.159033          -0.0338054            0.159039           0.00424848           0.152038          -0.00961499
    172          0.161982           0.000663937          0.158819          -0.0241784            0.159045           0.00229195           0.152007           0.00771435
    173          0.162001          -0.00652871           0.158832          -0.00282173           0.159058           0.00391308           0.152102          -0.00268325
    174          0.161927          -0.00437092           0.158795          -0.0115636            0.159078           0.00307456           0.151985          -0.0143107
    175          0.161965          -0.0100697            0.158735          -0.0410534            0.159084          -0.0051429            0.151983           0.00301866
    176          0.161843          -0.0163218            0.158453          -0.0461989            0.159035          -0.00844107           0.15201            0.000223604
    177          0.161829          -0.00984839           0.15835           -0.0246763            0.159014          -0.00111802           0.151985           0.00458389
    178          0.161761          -0.0080779            0.158247          -0.00918446           0.159026           0.00352177           0.152048          -0.0178884
    179          0.161761          -0.00154919           0.158274          -0.00116189           0.159043           0.00117392           0.151836          -0.0496402
    180          0.161748          -0.00409428           0.158238          -0.0161558            0.159035          -0.00106212           0.151635          -0.0165467
    181          0.161727          -0.0104017            0.158139          -0.0141087            0.159034          -0.00206834           0.151698           0.00693174
    182          0.161662          -0.0115636            0.15812           -0.00116189           0.159018          -0.000726714          0.151692          -0.00475159
    183          0.161631          -0.00741396           0.158129           0.00221312           0.159028           0.00307456           0.151658          -0.00368947
    184        nan                nan                  nan                nan                    0.159044           0.00380128           0.151662           0.000782616