  Frame    r_f (m) (Cam 1)    v_f (m/s) (Cam 1)    r_p (m) (Cam 1)    v_p (m/s) (Cam 1)    r_f (m) (Cam 2)    v_f (m/s) (Cam 2)    r_p (m) (Cam 2)    v_p (m/s) (Cam 2)
      0          0.0632275           0.157214            0.0625118          0.110832             0.0625208           0.12406             0.061542            0.0526119
      1          0.0638825           0.173188            0.0629736          0.136722             0.0630377           0.149338            0.0617612           0.0650071
      2          0.0646707           0.195718            0.0636512          0.178201             0.0637653           0.186469            0.0620837           0.12747
      3          0.0655135           0.19985             0.0644586          0.195443             0.0645916           0.198648            0.0628235           0.171584
      4          0.0663361           0.198528            0.0652799          0.19032              0.0654207           0.201895            0.0635136           0.17494
      5          0.0671679           0.205689            0.0660446          0.182553             0.0662741           0.214669            0.0642813           0.188255
      6          0.0680502           0.218028            0.0668011          0.196214             0.0672096           0.22019             0.0650824           0.201571
      7          0.0689848           0.213621            0.0676797          0.211638             0.068109            0.21743             0.0659611           0.210231
      8          0.0698304           0.209324            0.0685648          0.218689             0.0690215           0.225495            0.0668343           0.244385
      9          0.0707292           0.212519            0.0695022          0.221664             0.0699881           0.230529            0.0679976           0.251151
     10          0.0716014           0.212299            0.070412           0.222325             0.0709426           0.228364            0.0689272           0.259216
     11          0.0724983           0.223371            0.0713549          0.220892             0.0718912           0.242545            0.0701577           0.265387
     12          0.0734628           0.231744            0.0722527          0.219075             0.0729638           0.256618            0.0711388           0.234209
     13          0.0744295           0.241384            0.0731805          0.241605             0.0740297           0.260353            0.0721095           0.229825
     14          0.0754743           0.24849             0.0742661          0.263804             0.0751334           0.25559             0.073054            0.251963
     15          0.0765003           0.24188             0.0753788          0.251244             0.0761596           0.256889            0.0742092           0.27421
     16          0.07749             0.248215            0.0763598          0.242871             0.0772741           0.265116            0.0753391           0.284494
     17          0.0785687           0.26419             0.0774028          0.258571             0.0783689           0.264467            0.07658             0.287633
     18          0.0796916           0.265236            0.0785146          0.268486             0.079478            0.264846            0.077736            0.281842
     19          0.080779            0.270579            0.0796402          0.272232             0.0805759           0.270529            0.0789286           0.292992
     20          0.0819464           0.275152            0.0807832          0.280715             0.0817324           0.282708            0.0801776           0.296564
     21          0.083072            0.274931            0.0819795          0.285397             0.0829318           0.291368            0.0814              0.292775
     22          0.0842375           0.289584            0.0831615          0.289584             0.0841605           0.296077            0.0826174           0.294507
     23          0.0854852           0.298177            0.0843927          0.301262             0.0853991           0.291368            0.0838542           0.300191
     24          0.0867223           0.299665            0.085672           0.303576             0.0865886           0.296348            0.085119            0.31015
     25          0.0879824           0.293991            0.0869224          0.294486             0.0878687           0.301165            0.0864388           0.31015
     26          0.0891722           0.293991            0.0881261          0.299169             0.0890983           0.296781            0.0877036           0.312478
     27          0.0904323           0.295313            0.0894155          0.293109             0.0903419           0.303601            0.0890428           0.310204
     28          0.0916332           0.27719             0.0905686          0.281652             0.0916283           0.302194            0.0902886           0.307336
     29          0.0927422           0.272618            0.0917626          0.278181             0.0928601           0.296294            0.0916039           0.302735
     30          0.093905            0.283965            0.0928868          0.275592             0.0940974           0.293858            0.0928114           0.295915
     31          0.0951086           0.281927            0.0940592          0.285728             0.095309            0.292721            0.0940699           0.291963
     32          0.0962544           0.281431            0.0952679          0.281762             0.0965368           0.292072            0.0952445           0.29651
     33          0.0974539           0.28033             0.0964072          0.276584             0.0977429           0.292072            0.0965408           0.306307
     34          0.0985905           0.270469            0.0975727          0.273279             0.0989707           0.286551            0.097797            0.288445
     35          0.0997078           0.262427            0.0986846          0.256808             0.100131            0.279081            0.0989445           0.279677
     36          0.100777            0.262923            0.0997128          0.263033             0.101296            0.274805            0.100128            0.28103
     37          0.101899            0.268486            0.100876           0.27405              0.102421            0.26766             0.101286            0.274318
     38          0.103015            0.256202            0.101997           0.259067             0.103527            0.261436            0.102414            0.260299
     39          0.104034            0.235215            0.103035           0.233011             0.104599            0.253208            0.103456            0.250664
     40          0.104975            0.236151            0.103938           0.229045             0.105637            0.252775            0.104503            0.263817
     41          0.106002            0.236426            0.104944           0.236977             0.106706            0.249852            0.105654            0.253479
     42          0.106945            0.235435            0.105913           0.23874              0.107719            0.247795            0.106615            0.241679
     43          0.107964            0.234388            0.106934           0.234168             0.108771            0.250935            0.107668            0.253804
     44          0.108898            0.217202            0.107865           0.217312             0.10981             0.243628            0.10873             0.244927
     45          0.109774            0.213897            0.108745           0.218524             0.110801            0.234101            0.109709            0.228526
     46          0.110681            0.215384            0.109686           0.21913              0.111761            0.225928            0.110634            0.229555
     47          0.111569            0.20938             0.110571           0.211308             0.112684            0.222193            0.111622            0.232044
     48          0.112426            0.197316            0.111446           0.202384             0.113613            0.219162            0.112568            0.228851
     49          0.113213            0.190706            0.112257           0.195168             0.11451             0.212396            0.113529            0.211368
     50          0.114015            0.187841            0.113073           0.185087             0.115383            0.200867            0.114329            0.201733
     51          0.114778            0.178697            0.1138             0.171646             0.116184            0.188905            0.11521             0.199027
     52          0.115504            0.159913            0.114503           0.16476              0.116957            0.173045            0.115988            0.18019
     53          0.116111            0.163493            0.115173           0.169608             0.117626            0.168715            0.116712            0.178025
     54          0.116866            0.167404            0.115917           0.165311             0.118363            0.177646            0.117471            0.178783
     55          0.117506            0.156277            0.11655            0.151264             0.119107            0.166713            0.118202            0.16628
     56          0.118169            0.147353            0.117177           0.151926             0.119752            0.161246            0.118857            0.161733
     57          0.118734            0.145536            0.117816           0.142947             0.12045             0.165846            0.119549            0.163627
     58          0.119382            0.141955            0.118368           0.133527             0.121134            0.159892            0.120221            0.156482
     59          0.119917            0.127743            0.118929           0.131213             0.121783            0.152694            0.120854            0.149446
     60          0.120446            0.116506            0.119462           0.117717             0.122407            0.147714            0.121466            0.144791
     61          0.120888            0.102624            0.11991            0.109234             0.123014            0.148093            0.12206             0.145386
     62          0.121301            0.108959            0.120372           0.10973              0.123641            0.139919            0.122678            0.139541
     63          0.121796            0.100916            0.120824           0.103505             0.12418             0.135427            0.123223            0.128932
     64          0.122142            0.0975011           0.121235           0.0984376            0.124769            0.130068            0.123752            0.134074
     65          0.122608            0.0972808           0.121645           0.0882468            0.125264            0.117078            0.12434             0.11908
     66          0.122953            0.081912            0.12197            0.0847213            0.125745            0.107984            0.124744            0.108634
     67          0.123291            0.0803696           0.122351           0.08384              0.126163            0.101543            0.125246            0.102788
     68          0.123623            0.0819671           0.122669           0.0797636            0.126591            0.0945065           0.125601            0.0935864
     69          0.123974            0.0786068           0.123015           0.0798738            0.126951            0.0882277           0.126025            0.0986743
     70          0.124278            0.0753017           0.123334           0.0755772            0.127326            0.0803793           0.126423            0.0848718
     71          0.124601            0.0752466           0.123645           0.0743102            0.127621            0.0746417           0.126733            0.0804875
     72          0.124905            0.0671491           0.123954           0.0657169            0.127948            0.0796756           0.127094            0.0821655
     73          0.125161            0.0635685           0.124193           0.0627423            0.128285            0.0768068           0.127417            0.0787013
     74          0.125434            0.0592719           0.124476           0.061255             0.128588            0.0718812           0.12775             0.0710152
     75          0.125655            0.0524964           0.124703           0.0519455            0.128884            0.0690125           0.128009            0.0599732
     76          0.125872            0.0529921           0.124909           0.0487506            0.129163            0.0659272           0.12825             0.0712317
     77          0.126096            0.0546998           0.125109           0.049687             0.129433            0.060731            0.128603            0.0617053
     78          0.126328            0.0541489           0.125323           0.0520557            0.12967             0.0569962           0.128764            0.0496349
     79          0.126548            0.0513947           0.125543           0.0496319            0.129908            0.0583494           0.129016            0.058187
     80          0.126756            0.050954            0.125737           0.0467675            0.130156            0.0576999           0.129249            0.0605145
     81          0.126972            0.0447844           0.125933           0.0440132            0.130389            0.0569962           0.129521            0.0574292
     82          0.127129            0.0418649           0.126104           0.04517              0.130631            0.0510422           0.129727            0.0529366
     83          0.127321            0.0427463           0.126309           0.0430217            0.130814            0.0463872           0.129962            0.0513128
     84          0.127485            0.0332165           0.126462           0.0357504            0.131017            0.0475239           0.130155            0.044168
     85          0.127598            0.0317292           0.126607           0.029691             0.13121             0.045034            0.13033             0.0358324
     86          0.12775             0.0343182           0.12671            0.0255045            0.131393            0.0404873           0.130453            0.0371856
     87          0.127884            0.0295809           0.12682            0.0315639            0.131548            0.0383764           0.13064             0.0355617
     88          0.127996            0.024513            0.126973           0.0339326            0.131712            0.0408662           0.13075             0.0423277
     89          0.128088            0.0251189           0.127103           0.025835             0.131888            0.0332343           0.130992            0.0271179
     90          0.128206            0.023852            0.127188           0.0179028            0.131989            0.0228959           0.130976            0.0192694
     91          0.128287            0.0198307           0.127252           0.0170765            0.132079            0.0254399           0.131153            0.0162924
     92          0.128371            0.0202163           0.12733            0.0220342            0.132201            0.0231665           0.131112            0.016563
     93          0.128455            0.0209875           0.127435           0.0188943            0.132272            0.016996            0.131291            0.0319352
     94          0.128546            0.0250639           0.127488           0.0213731            0.132343            0.0201354           0.131378            0.0318811
     95          0.128664            0.0192248           0.127614           0.0208774            0.13244             0.0208932           0.131557            0.0145062
     96          0.128706            0.0171866           0.127662           0.0158095            0.132517            0.018674            0.131499            0.0185116
     97          0.128808            0.0166909           0.127745           0.0126696            0.132596            0.0154263           0.131711            0.0265224
     98          0.128845            0.011623            0.127767           0.0101357            0.132646            0.0143438           0.13172             0.00194859
     99          0.128904            0.0142671           0.12783            0.0109069            0.132715            0.0153181           0.131727           -0.00330177
    100          0.128964            0.0126696           0.127858           0.00683059           0.132773            0.0128282           0.131692            0.0202978
    101          0.12901             0.00969503          0.127887           0.00809755           0.132822            0.0122328           0.131896            0.0320976
    102          0.129045            0.0111272           0.127926           0.0104662            0.132875            0.0107714           0.13196             0.0187822
    103          0.129103            0.00952977          0.127974           0.00627973           0.132912            0.00849801          0.132053           -0.00162382
    104          0.129124            0.00875858          0.127978           0.00853824           0.132946            0.0116915           0.131946            0.00167795
    105          0.129176            0.0100806           0.128045           0.00997046           0.133009            0.00871452          0.132067            0.00644117
    106          0.129208            0.00666533          0.128061           0.00341529           0.133019            0.00627878          0.132               0.0138025
    107          0.129231            0.00583905          0.128074           0.00247884           0.133062            0.0067118           0.132182           -0.00692831
    108          0.129257            0.00512294          0.128082           0.00236867           0.133075            0.00416781          0.131942           -0.0182409
    109          0.129274            0.00418649          0.128093           0.00269918           0.133096            0.00562925          0.13203             0.0231665
    110          0.129292            0.00297461          0.128104           0.00550854           0.133121            0.0076861           0.132135            0.00763197
    111          0.129299            0.00380089          0.128139           0.00561871           0.13316             0.0049256           0.132094            0.0033559
    112          0.129324            0.00627973          0.128151           0.00435175           0.133163            0.00460083          0.132163            0.013586
    113          0.129351            0.00523311          0.128175           0.0022585            0.133199            0.00622466          0.132207            0.0119622
    114          0.129367            0.00319495          0.12817           -0.000661025          0.133214            0.00378892          0.132263            0.00790261
    115          0.129378            0.00214833          0.12817           -0.00275427           0.13323             0.00378892          0.132273            0.00238161
    116          0.129385            0.00319495          0.128147           0.00512294         nan                 nan                 nan                 nan
    117          0.129404            0.00462717          0.128213           0.0157544          nan                 nan                 nan                 nan