  Frame    r_f (m) (Cam 1)    v_f (m/s) (Cam 1)    r_p (m) (Cam 1)    v_p (m/s) (Cam 1)    r_f (m) (Cam 2)    v_f (m/s) (Cam 2)    r_p (m) (Cam 2)    v_p (m/s) (Cam 2)
      0          0.0632115          0.122661             0.0623044          0                    0.0623873           0.140515            0.0613413          0
      1          0.0637225          0.126006             0.0623044          0.00112209           0.0629728           0.158756            0.0613413          0
      2          0.0642615          0.149598             0.0623138          0.0533296            0.0637103           0.197511            0.0613413          0.00465496
      3          0.0649692          0.275787             0.0627489          0.193692             0.0646187           0.237403            0.0613801          0.0088769
      4          0.0665597          0.432396             0.0639279          0.306034             0.0656886           0.263492            0.0614153          0.021651
      5          0.0685725          0.497706             0.0652991          0.331491             0.0668145           0.287633            0.0615605          0.110203
      6          0.0707073          0.447164             0.0666903          0.435281             0.0680856           0.326064            0.0623336          0.295969
      7          0.0722989          0.386387             0.0689265          0.532208             0.0695317           0.370015            0.0640269          0.501112
      8          0.0739272          0.45991              0.0711254          0.655442             0.071169            0.438486            0.0665096          0.665713
      9          0.0761314          0.581434             0.0743885          0.780808             0.0731857           0.540192            0.0695745          0.727852
     10          0.0787725          0.712034             0.0776321          0.798236             0.0756706           0.603683            0.072575           0.687094
     11          0.0820651          0.798985             0.0810405          0.794167             0.0782164           0.611261            0.0753003          0.618027
     12          0.0854307          0.73106              0.0842502          0.749714             0.0807645           0.602114            0.0777252          0.573589
     13          0.0881572          0.646168             0.0872881          0.737808             0.083234            0.578135            0.0800802          0.59394
     14          0.0908154          0.654665             0.0903986          0.754396             0.0855823           0.555293            0.0826747          0.61413
     15          0.0936128          0.668332             0.0935747          0.76509              0.0878615           0.561897            0.085198           0.602926
     16          0.0963848          0.621751             0.0967743          0.757222             0.0902647           0.56049             0.0876991          0.581329
     17          0.098794           0.580099             0.0998849          0.676234             0.0925322           0.553237            0.0900424          0.584631
     18          0.101219           0.537661             0.10241            0.618122             0.094875            0.563846            0.092571           0.619326
     19          0.103275           0.506153             0.105036           0.635458             0.0972309           0.553074            0.0952034          0.640003
     20          0.105437           0.483338             0.107705           0.610307             0.099484            0.562438            0.0979044          0.63551
     21          0.107302           0.462079             0.110122           0.542853             0.101918            0.560003            0.100499           0.576511
     22          0.109288           0.426739             0.112229           0.461118             0.104151            0.555348            0.102709           0.55145
     23          0.110859           0.410859             0.113964           0.439023             0.106546            0.529042            0.105095           0.544793
     24          0.112711           0.371507             0.115887           0.442354             0.108559            0.471558            0.107249           0.500138
     25          0.113954           0.166087             0.117651           0.388555             0.110475            0.460949            0.109263           0.466579
     26          0.114095           0.140138             0.119125           0.329071             0.112401            0.435997            0.111137           0.432424
     27          0.115122           0.25105              0.120393           0.301504             0.114109            0.404549            0.112866           0.413588
     28          0.116188           0.26214              0.121638           0.290583             0.115772            0.351341            0.114583           0.379975
     29          0.117307           0.219004             0.122815           0.289439             0.117037            0.306361            0.116033           0.362167
     30          0.118013           0.190389             0.12405            0.248126             0.118325            0.308797            0.117601           0.358973
     31          0.118893           0.179411             0.124882           0.203002             0.11961             0.29375             0.119024           0.321896
     32          0.119508           0.158175             0.125742           0.225682             0.120773            0.27356             0.120284           0.301057
     33          0.120211           0.164631             0.126763           0.193057             0.12189             0.266848            0.121533           0.288066
     34          0.12088            0.133169             0.12735            0.146712             0.122997            0.248932            0.122684           0.256402
     35          0.121321           0.113894             0.127986           0.11991              0.123964            0.240272            0.123669           0.247254
     36          0.121829           0.125958             0.12835            0.158276             0.124999            0.239947            0.124745           0.25494
     37          0.122371           0.112819             0.129304           0.145972             0.125964            0.21494             0.125794           0.228688
     38          0.122769           0.0978873            0.129566           0.0957514            0.12679             0.20969             0.126651           0.218296
     39          0.123187           0.102161             0.130102           0.131749             0.127711            0.21337             0.127613           0.226632
     40          0.12362            0.0967877            0.130664           0.119261             0.128568            0.191124            0.128539           0.18766
     41          0.123993           0.0874153            0.131096           0.0945987            0.129304            0.161029            0.129177           0.156861
     42          0.124349           0.0883358            0.131452           0.121971             0.12991             0.137863            0.129846           0.152964
     43          0.124729           0.0828841            0.132113           0.124092             0.130453            0.121083            0.130452           0.129256
     44          0.125039           0.0706564            0.132486           0.103971             0.130919            0.12655             0.130923           0.117132
     45          0.125318           0.0580162            0.132979           0.102648             0.131507            0.113126            0.131428           0.109879
     46          0.125523           0.0487432            0.133342           0.091205             0.131862            0.0955891           0.131839           0.0907176
     47          0.125724           0.0592312            0.133739           0.0454834            0.132304            0.088336            0.132184           0.0743711
     48          0.126016           0.0593432            0.133721           0.0362504            0.132598            0.0735051           0.132459           0.0736675
     49          0.126219           0.0336271            0.134041           0.0876703            0.132916            0.0779435           0.132798           0.0731262
     50          0.126297           0.0245505            0.134451           0.0606025            0.133247            0.0703657           0.133068           0.0523412
     51          0.126423           0.0321966            0.134546          -0.0344037            0.133503            0.0506092           0.133234           0.0468744
     52          0.126565           0.0366648            0.134165          -0.0927901            0.133669            0.0325306           0.133459           0.0377268
     53          0.126729           0.0215406            0.133773          -0.140693             0.133774            0.0296618           0.133548           0.0316646
     54          0.126744           0.0178542            0.132992          -0.0375477            0.133916            0.0398919           0.133723           0.0329636
     55          0.126878           0.0287109            0.13346            0.0809927            0.134106            0.0492018           0.133823           0.0333425
     56          0.126984           0.0236884            0.133667           0.037755             0.134326            0.0293912           0.134001           0.0291747
     57          0.127075           0.020187             0.133775           0.0180015            0.134351            0.0147768           0.134066           0.0269013
     58          0.127152           0.0183099            0.133817           0.0235645            0.134449            0.025494            0.134225           0.0303655
     59          0.127228           0.018036             0.133971           0.00840993           0.134564            0.0304738           0.134319           0.0280921
     60          0.127302           0.0221196            0.133887           0.0270692            0.134703            0.0346416           0.134459           0.024628
     61          0.127412           0.0280064            0.134197           0.0823974            0.134852            0.0240326           0.134524           0.0198648
     62          0.127536           0.023135             0.134574           0.0932754            0.134904            0.0184033           0.134624           0.0290664
     63          0.127605           0.027131             0.134974           0.0566244            0.135006            0.0279298           0.134767           0.0315563
     64          0.127762           0.0254343            0.135046           0.0287498            0.135136            0.0326389           0.134887           0.0150474
     65          0.127817           0.0122337            0.135214           0.0494456            0.135278            0.0266307           0.134892           0.0150474
     66          0.127864           0.0188513            0.135458          -0.00528753           0.135358            0.0210556           0.135013           0.0205684
     67          0.127974           0.0220913            0.135169           0.00421749           0.135453            0.0291206           0.135063           0.0181327
     68          0.128048           0.0244465            0.135493           0.0119264            0.135601            0.0296618           0.135164           0.0217592
     69          0.128178           0.0173785            0.135269          -0.292655             0.1357              0.022517            0.135245           0.0122328
     70          0.128193           0.0217585            0.133054          -0.27027              0.135789            0.0307985           0.135266           0.0283628
     71          0.128359           0.0406285            0.133017          -0.08019              0.135957            0.0383222           0.135481           0.0522871
     72          0.128531           0.0398604            0.132386          -0.243891             0.136108            0.0310692           0.135702           0.0136401
     73          0.128691           0.0297238            0.130984          -0.173352             0.136216            0.0245739           0.135595           0.0160759
     74          0.128779           0.0136107            0.130941           0.0290165            0.136313            0.0253858           0.135836           0.0376727
     75          0.128804           0.0201906            0.131226           0.0242923            0.136427            0.0232207           0.135909           0.0146144
     76          0.128947           0.0282836            0.131144           0.0216367            0.136506            0.0279298           0.135957           0.0187822
     77          0.12904            0.0257579            0.131406           0.0464306            0.13666             0.0339379           0.136065           0.0269555
     78          0.129162           0.0300567            0.131531           0.0148826            0.136789            0.0203519           0.136182           0.0174832
     79          0.129291           0.027593             0.13153           -0.00515716           0.13683             0.0224629           0.136211           0.0223546
     80          0.129392           0.0287837            0.131488           0.00594886           0.136976            0.0315563           0.136368           0.0205684
     81          0.12953            0.0260238            0.13158            0.0288408            0.137093            0.0290664           0.136382          -0.00589989
     82          0.129609           0.0203293            0.131728           0.0167086            0.137218            0.0316646           0.136319           0.0027605
     83          0.1297             0.0191558            0.131719           0.00167319           0.137357            0.0299325           0.136405           0.0190529
     84          0.129768           0.0186207            0.131742           0.0299683            0.137468            0.0264683           0.136478           0.0428689
     85          0.129855           0.0160653            0.131969           0.011499             0.137577            0.0187281           0.136762           0.0210556
     86          0.129902           0.0219615            0.131838          -0.00247023           0.137624            0.0327471           0.136653          -0.000162382
     87          0.130038           0.0315506            0.131948           0.0401446            0.13785             0.0379975           0.136761           0.0265766
     88          0.130165           0.0258696            0.132172           0.0269423            0.137941            0.0330719           0.136875           0.0246821
     89          0.130254           0.0146973            0.132173          -0.00710086           0.138126            0.0388635           0.136967           0.0170501
     90          0.130287           0.0125727            0.132113           0.0119869            0.138265            0.0311233           0.137017           0.01613
     91          0.130358           0.00726247           0.132273           0.0164046            0.138385            0.0326389           0.137101           0.0219216
     92          0.130348           0.0131854            0.13225            0.0123973            0.138536            0.0269555           0.1372             0.00746959
     93          0.130468           0.0305288            0.132376           0.00929536           0.13861             0.0233831           0.137163           0.00541274
     94          0.130602           0.0260416            0.132327           0.00583432           0.138731            0.0345874           0.137245           0.017429
     95          0.130685           0.0242618            0.132425           0.00700877           0.138898            0.0214345           0.137309           0.0155346
     96          0.130805           0.0198132            0.132386           0.0184269            0.13891             0.0310692           0.137374           0.0164547
     97          0.13085            0.010925             0.132578          -0.00762362           0.139157            0.0343168           0.137446           0.014019
     98          0.130896           0.0140581            0.132322          -0.000575727          0.139196            0.0228418           0.137491           0.0154804
     99          0.130968           0.010706             0.132573           0.0282985            0.139347            0.0311774           0.137575           0.0177538
    100          0.130985           0.0233865            0.132558           0.0190561            0.139456            0.0296077           0.137639           0.0236537
    101          0.131162           0.0254103            0.132732           0.0151632            0.139594            0.0227877           0.137772           0.0275509
    102          0.131197           0.0110916            0.132684           0.00347402           0.139646            0.0267931           0.137868           0.0160759
    103          0.131255           0.0156093            0.132761          -0.00170825           0.139817            0.0328554           0.137906           0.0139108
    104          0.131327           0.0246888            0.13267           -0.00737076           0.139919            0.0228418           0.137984           0.0182409
    105          0.131461           0.0328947            0.1327             0.0163722            0.140007            0.0266307           0.138058           0.0108796
    106          0.131601           0.0178155            0.132807           0.0142496            0.140141            0.0299866           0.138075           0.0119622
    107          0.131609           0.0135596            0.132818           0.00711687           0.140257            0.0293371           0.138158           0.0294995
    108          0.131714           0.0219995            0.132866           0.0277609            0.140386            0.0334508           0.138321           0.0333966
    109          0.131792           0.0152379            0.13305            0.0354917            0.140536            0.029716            0.138436           0.0166171
    110          0.131841           0.0201594            0.133162           0.0123053            0.140633            0.0230042           0.138459           0.00909341
    111          0.13196            0.0181258            0.133152           0.00865229           0.140728            0.0282004           0.138512           0.0138025
    112          0.131992           0.0101223            0.133234           0.0233393            0.140868            0.0435185           0.138574           0.0184575
    113          0.132045           0.00512597           0.133347          -0.00367452           0.14109             0.0384846           0.138665           0.0188905
    114          0.132035           0.0203727            0.133203           0.000281979          0.141189            0.0264142           0.138732           0.0181868
    115          0.132215           0.025227             0.133349           0.00452634           0.141311            0.0315022           0.138817           0.0166713
    116          0.132245           0.0138723            0.133241           0.00105742           0.141452            0.0243574           0.138871           0.0130988
    117          0.13233            0.0149858            0.133358           0.0147785            0.141514            0.0173208           0.138926           0.0193235
    118          0.13237            0.0118407            0.133364           0.0057193            0.141596            0.0282004           0.139032           0.0184033
    119          0.132429           0.0109883            0.133406          -0.0125407            0.141749            0.0324765           0.13908            0.0208932
    120          0.132461           0.00990287           0.13326           -0.00773962           0.141867            0.0285252           0.139206           0.0316646
    121          0.132511           0.0178704            0.133341           0.0252347            0.141986            0.027172            0.139343           0.0192152
    122          0.13261            0.0227322            0.13347            0.00791197           0.142093            0.0231124           0.139366           0.0117998
    123          0.132701           0.0219316            0.133407           0.00405794           0.142179            0.0265766           0.139442           0.0218675
    124          0.132793           0.0211462            0.133504           0.0179939            0.142315            0.0208932           0.139548           0.00882277
    125          0.132877           0.0182444            0.133557           0.0085656            0.142353            0.0133154           0.139515           0.00400543
    126          0.132945           0.0164892            0.133575          -0.0310486            0.142426            0.0245739           0.139582           0.0240326
    127          0.133014           0.0138689            0.133298          -0.024164             0.142558            0.0177538           0.139716           0.0228418
    128          0.133061           0.0155705            0.133374           0.0282455            0.142574            0.0185657           0.139772           0.0155887
    129          0.133144           0.012427             0.133534          -0.00725865           0.142712            0.0270096           0.139845           0.0224629
    130          0.133164           0.0188857            0.133313          -0.0381742            0.142799            0.0202437           0.139959           0.00974294
    131          0.133302           0.0230682            0.133216          -0.0273969            0.142881            0.0251693           0.139927           0.00725308
    132          0.133356           0.0132136            0.133085          -0.0270563            0.143008            0.0262518           0.14002            0.021218
    133          0.133412           0.00869482           0.13299           -0.0966268            0.1431              0.0215969           0.140103           0.0243574
    134          0.133429           0.0111458            0.13228           -0.0744799            0.143188            0.0234372           0.140223           0.0164547
    135          0.133505           0.012911             0.132369          -0.0145302            0.143295            0.0204602           0.140241           0.00357241
    136          0.133536           0.0175113            0.132159          -0.0171863            0.143359            0.0204602           0.140252           0.0108255
    137          0.13365            0.0189199            0.132226           0.0116335            0.143466            0.0240867           0.140331           0.0121245
    138          0.133694           0.0182202            0.132256           0.000478114          0.14356             0.0218134           0.140353           0.01272
    139          0.133802           0.0212493            0.13223            0.00874098           0.143647            0.0247904           0.140437           0.0153181
    140          0.133871           0.0147783            0.132328           0.0198263            0.143766            0.0274426           0.140481           0.0163465
    141          0.133925           0.0150523            0.132395           0.0205647            0.143876            0.0287958           0.140573           0.0220299
    142          0.133997           0.0197476            0.1325             0.0170011            0.144006            0.0236537           0.140665           0.0154804
    143          0.13409            0.0230316            0.132537           0.0114192            0.144073            0.0117998           0.140702           0.00876865
    144          0.134188           0.0145742            0.132595           0.00860649           0.144104            0.0161841           0.140738           0.0130447
    145          0.134211           0.017781             0.132609          -0.00371013           0.144208            0.0266848           0.140811           0.0252234
    146          0.134337           0.0286244            0.132564           0.0017654            0.144327            0.0219216           0.140948           0.0213803
    147          0.13445            0.0132927            0.132624           0.0143687            0.144391            0.0169419           0.140989           0.00286875
    148          0.134447           0.0166347            0.132684           0.0110507            0.144468            0.0284169           0.140972           0.0165089
    149          0.134589           0.0165569            0.132716           0.0056835            0.144628            0.0266848           0.141126           0.026739
    150          0.134585           0.0119944            0.132731           0.0121981            0.14469             0.0173749           0.141195           0.0218134
    151          0.134689           0.0153357            0.132817           0.0177838            0.144772            0.0274967           0.141308           0.0320434
    152          0.134713           0.0253853            0.132879           0.00589535           0.144919            0.0263601           0.141462           0.017429
    153          0.1349             0.0151482            0.132866           0.00573974           0.144992            0.0193776           0.141454           0.00806499
    154          0.134839           0.0100115            0.132927           0.0230118            0.145081            0.0201895           0.141529           0.01954
    155          0.134984           0.0257166            0.133058           0.00687669           0.14516             0.0219757           0.141616           0.0248986
    156          0.135054           0.0129735            0.132984           0.00269488           0.145264            0.0224629           0.141736           0.0223546
    157          0.135092           0.060352             0.133081           0.0219128            0.145348            0.0232748           0.141803           0.0150474
    158          0.135557           0.0628558            0.133167           0.000783086          0.145458            0.028038            0.141862           0.0184575
    159          0.135615          -0.0205185            0.133087          -0.0011466            0.145581            0.0195941           0.141956           0.0190529
    160          0.135386          -0.020821             0.133157           0.010136             0.145621            0.0210014           0.14202            0.0159676
    161          0.135442           0.0115248            0.133172           0.00206388           0.145756            0.0192152           0.14209            0.0142896
    162          0.135482           0.0482462            0.133175           0.00527437           0.145781            0.00979707          0.14214            0.0120704
    163          0.135844           0.0503837            0.133216           0.0164652            0.145838            0.0158593           0.14219            0.0158052
    164          0.135902           0.0136118            0.133312           0.0215102            0.145914            0.0264683           0.142271           0.0238161
    165          0.135957           0.0108422            0.133395          -0.00435078           0.146058            0.0249528           0.142389           0.0191611
    166          0.135992           0.011355             0.133276          -0.0101352            0.146122            0.0161841           0.142431           0.00844388
    167          0.136052           0.0193823            0.13331            0.0132943            0.146193            0.0159135           0.142459           0.0106631
    168          0.136153           0.0339695            0.133386           0.0195832            0.146254            0.0256023           0.14252            0.0234372
    169          0.136335           0.0321019            0.133474           0.0319672            0.146407            0.0278756           0.142654           0.0253858
    170          0.136421           0.0159241            0.133653           0.00444881           0.146486            0.0171043           0.142731           0.0113668
    171          0.136468          -0.00136282           0.133511          -0.0254545            0.146549            0.0142355           0.142749           0.00952643
    172          0.13641            0.000911942          0.133441          -0.00857658           0.146605            0.0189446           0.142811           0.0139108
    173          0.136475           0.0175196            0.133439           0.00100901           0.146707            0.0192694           0.142865           0.0105549
    174          0.136556           0.0115812            0.133449          -4.5864e-05           0.146766            0.0134236           0.142899           0.000757784
    175          0.136572           0.00879231           0.133439           0.00110074           0.146819            0.0171584           0.142871           0.0111503
    176          0.136629           0.0168523            0.133458           0.000321048          0.146909            0.0166171           0.142992           0.0126658
    177          0.136712           0.0105666            0.133441           0.00858835           0.146957            0.0162382           0.142977           0.00589989
    178          0.136717           0.0132811            0.13353            0.0144013            0.147044            0.0205684           0.143041           0.0146144
    179          0.136823           0.0200483            0.133561           0.012555             0.147129            0.0156428           0.143099           0.0126117
    180          0.136884           0.0153891            0.133634           0.0118329            0.147174            0.0201895           0.143146           0.0177538
    181          0.136951           0.0157573            0.13366            0.00582473           0.147297            0.0226253           0.143246           0.0133154
    182          0.137015           0.0159557            0.133683           0.00237286           0.147363            0.00784848          0.143257          -0.00313939
    183          0.137084           0.017292             0.13368            0.00429296           0.147362            0.0142896           0.14322            0.0109337
    184          0.137159           0.0114578            0.133719          -0.000721752          0.147482            0.0205143           0.143348           0.0141273
    185          0.13718            0.00582103           0.133674           0.00969557           0.147533            0.0142896           0.143338           0.00801086
    186          0.137208           0.0152522            0.1338             0.0237117            0.147601            0.0153722           0.143415           0.0118539
    187          0.137307           0.0146416            0.133871           0.00105487           0.147661            0.0166713           0.143437           0.0101218
    188          0.13733            0.0118527            0.133808          -0.00045864           0.14774             0.0266307           0.143499           0.00990532
    189          0.137406           0.0149281            0.133868           0.00307289           0.147883            0.0275509           0.143519           0.00871452
    190          0.137454           0.0140824            0.133834           0.00210975           0.14797             0.0208932           0.143572           0.00557513
    191          0.137523           0.0184862            0.133885           0.0176577            0.148058            0.016996            0.143566           0.00736133
    192          0.137608           0.0146377            0.133981           0.0138051            0.148111            0.0122869           0.143633           0.00719895
    193          0.137645           0.00454272           0.134             -0.00426536           0.14816             0.0152639           0.143626           0.00351828
    194          0.137646           0.0133758            0.133946           0.00133006           0.148238            0.0181868           0.143662           0.00866039
    195          0.137756           0.0156472            0.134011           0.011145             0.148311            0.0188364           0.143698           0.00460083
    196          0.137777           0.0127196            0.134038           0.0116036            0.148395            0.019973            0.143701           0.0100136
    197          0.137862           0.0154957            0.134108           0.00753438           0.148478            0.0181327           0.143781           0.021218
    198          0.137906           0.0119625            0.134101           0.00504505           0.148546            0.0183492           0.143878           0.0100677
    199          0.137962           0.0136282            0.13415            0.00232639           0.148631            0.0107172           0.143865           0.00449258
    200          0.138019           0.0222089            0.134121           0.00853071           0.148636            0.0136942           0.143915           0.0123411
    201          0.138147           0.0174138            0.134221           0.0159148            0.148745            0.0217592           0.143968           0.014452
    202          0.138164           0.00923687           0.134253          -0.000504505          0.148817            0.0171043           0.144035           0.0114209
    203          0.138224           0.0131234            0.134217           0.00298116           0.148887            0.0206226           0.144063           0.0143979
    204          0.138274           0.0184233            0.134278           0.0119705            0.148989            0.018674            0.144155           0.0123411
    205          0.138378           0.0216032            0.134317          -0.000550369          0.149043            0.0139108           0.144166           0.00622466
    206          0.138454           0.0183223            0.134273           0.0075217            0.149105            0.0253316           0.144207           0.00920167
    207          0.13853            0.0224108            0.134379           0.0100901            0.149254            0.0281463           0.144243           0.00958056
    208          0.138641           0.0190794            0.134358           0.00256839           0.149339            0.0140731           0.144287           0.00893103
    209          0.138689           0.0139828            0.134401           0.00568714           0.149371            0.010176            0.144317           0.0143438
    210          0.138757           0.0214371            0.134405           0.011145             0.149424            0.0175914           0.144407           0.0130988
    211          0.138868           0.00756211           0.134494           0.00958559           0.149518            0.0202978           0.144426           0.00876865
    212          0.13882            0.0154599            0.134485           0.0093104            0.149593            0.0179703           0.14448            0.0113126
    213          0.138997           0.0261676            0.134571           0.00963145           0.149668            0.0217051           0.144521           0.0230042
    214          0.139038           0.0121139            0.134565           0.0011466            0.149774            0.0182951           0.144671           0.013586
    215          0.139098           0.0154919            0.134581           0.0130254            0.14982             0.0158593           0.144634           0.0117998
    216          0.139167           0.0143202            0.134674           0.00669615           0.149906            0.0188905           0.14477            0.0152098
    217          0.139217           0.0235111            0.134637          -0.00022932           0.149978            0.0171584           0.144761           0.0111503
    218          0.139363           0.0179836            0.134672           0.00600819           0.150049            0.0209473           0.144863           0.0191611
    219          0.139367           0.014032             0.134687           0.0111908            0.150152            0.0223546           0.14492            0.016996
    220          0.13948            0.0197356            0.134765           0.00444881           0.150236            0.0198106           0.145004           0.0152098
    221          0.139531           0.0195842            0.134724           0.00888476           0.150317            0.0162382           0.145047           0.0136401
    222          0.139643           0.0123158            0.134839           0.00530615           0.150371            0.0112044           0.145118           0.0043302
    223          0.139634           0.00545127           0.134768           0.000884278          0.150411            0.0201895           0.145083           0.00487147
    224          0.139689           0.0251364            0.134846           0.0247807            0.150539            0.0206226           0.145159           0.0102842
    225          0.139844           0.0243793            0.134974           0.00481572           0.150583            0.0155346           0.145169           0.00654942
    226          0.139892           0.0143946            0.134887          -0.00684952           0.150669            0.0183492           0.145213           0.0094723
    227          0.139964           0.0234314            0.134917           0.004724             0.150735            0.0173208           0.145248           0.00665768
    228          0.140087           0.0253794            0.134926           0.0169855            0.150813            0.0171043           0.145269           0.0108796
    229          0.140175           0.0149798            0.135059           0.00908824           0.150878            0.0182409           0.145339           0.0198648
    230          0.140212           0.0108016            0.135002          -0.00802621           0.150965            0.0207849           0.145434           0.00514211
    231          0.140265           0.016051             0.134992           0.00898219           0.151051            0.0206226           0.145381           0.00849801
    232          0.140346           0.0177312            0.135076           0.0137039            0.151137            0.0180786           0.145505           0.013586
    233          0.140413           0.0162024            0.135106           0.00963709           0.151202            0.0116374           0.145495          -0.00162382
    234          0.140481           0.0143707            0.135157           0.00311463           0.151234            0.0193776           0.145491           0.010609
    235          0.140533           0.0131867            0.135132           0.000801347          0.151363            0.0235454           0.145583           0.017429
    236          0.140591           0.011054             0.135163           0.00352686           0.15143             0.0126117           0.145637           0.00822737
    237          0.140625           0.0147763            0.135162           0.0156648            0.151468            0.011042            0.145652           0.00698244
    238          0.140714           0.0199375            0.135294           0.000794067          0.151522            0.0153181           0.145695           0.00589989
    239          0.140791           0.0177671            0.135168           4.1132e-05           0.151596            0.021651            0.145701           0.00936405
    240          0.140862           0.0197861            0.135294           0.0175652            0.151703            0.0190529           0.145773           0.0217592
    241          0.140956           0.0219565            0.135315           0.00587697           0.151755            0.0151557           0.145882           0.0238702
    242          0.141045           0.0124625            0.135343           0.000137228          0.151829            0.0207849           0.145972           0.0163465
    243          0.14106            0.0103473            0.135316          -0.000250614          0.151928            0.0176455           0.146018           0.0033559
    244          0.141131           0.0201946            0.135341           0.0124878            0.151976            0.01954             0.146              0.010176
    245          0.141228           0.0163033            0.13542            0.0056411            0.152091            0.0251693           0.146103           0.0234913
    246          0.141267           0.00937495           0.135388           0.00471496           0.152186            0.0133154           0.146196           0.00200272
    247          0.141306           0.0137049            0.135459           0.00863391           0.152202            0.0158593           0.14612            0.00633291
    248          0.141381           0.0200013            0.13546            0.00196348           0.152318            0.0206767           0.146248           0.00903928
    249          0.141473           0.0167879            0.135475           0.00776595           0.152374            0.0151016           0.146195           0.00400543
    250          0.141521           0.0137796            0.135525           0.00580247           0.152444            0.0182951           0.146282           0.0147768
    251          0.141587           0.0142887            0.135524           0.00680662           0.152527            0.0171584           0.146318           0.00649529
    252          0.14164            0.0146972            0.135582           0.00232978           0.152587            0.020406            0.146336           0.00470909
    253          0.14171            0.0176558            0.135543           0.00950187           0.152697            0.0163465           0.146357           0.00838975
    254          0.141787           0.0151838            0.135661           0.000147177          0.152723            0.0113126           0.146406           0.00941818
    255          0.141836           0.0148689            0.135544          -0.00717208           0.152791            0.0198648           0.146436           0.0126658
    256          0.141911           0.0192813            0.135601           0.0115272            0.152888            0.0179162           0.146511           0.0119622
    257          0.141997           0.0151131            0.13564            0.0154345            0.15294             0.0151016           0.146536           0.00725308
    258          0.142037           0.0127701            0.13573           -0.0023552            0.153014            0.0186198           0.146572           0.00454671
    259          0.142104           0.0100867            0.135621           0.00265563           0.153095            0.0140731           0.146574           0.0067118
    260          0.142121           0.0173985            0.135752           0.0216533            0.153132            0.0164006           0.146628           0.00920167
    261          0.142249           0.0225132            0.135801           0.00904505           0.153232            0.0233289           0.14665            0.0102301
    262          0.142309           0.0127854            0.135827           0.00963891           0.153326            0.0164006           0.146713          -0.00221923
    263          0.142355           0.0199443            0.135882           0.0174505            0.153369            0.0178079           0.146632           0.000595402
    264          0.142475           0.0180052            0.135973           0.0139787            0.153474            0.0188364           0.146718           0.016996
    265          0.142505           0.0111044            0.135998           0.00790299           0.153526            0.00876865          0.146773           0.00893103
    266          0.142568           0.0145005            0.136038          -0.00374593           0.153547            0.0166713           0.146792           0.00757784
    267          0.142626           0.0189601            0.135967           0.00516207           0.153665            0.0253858           0.146836           0.0082815
    268          0.142726           0.0165052            0.136081           0.0121057            0.153759            0.0223005           0.146861           0.011475
    269          0.142764           0.0107191            0.136068           0.00274092           0.153851            0.0148309           0.146932           0.0149933
    270          0.142815           0.0134386            0.136104           0.0124441            0.153883            0.0138566           0.146986           0.0136942
    271          0.142876           0.0134816            0.136171           0.0116489            0.153966            0.0228959           0.147046           0.0132071
    272          0.142927           0.0164555            0.136201           0.00802148           0.154073            0.0205143           0.147096           0.00265224
    273          0.143013           0.0186203            0.136238           0.0105899            0.154137            0.0133154           0.147068          -0.00855214
    274          0.143082           0.0135646            0.13629            0.00415707           0.154184            0.0153181           0.147025           0.00719895
    275          0.143126           0.0109025            0.136273          -0.00268693           0.154265            0.0162924           0.147128           0.0194318
    276          0.143173           0.0140133            0.136267           0.00698935           0.15432             0.0123411           0.147187           0.00579164
    277          0.143242           0.0117531            0.136331           0.0175419            0.154367            0.0180244           0.147177           0.00584576
    278          0.143271           0.0124355            0.136413           0.0107353            0.15447             0.0213262           0.147236          -0.00129906
    279          0.143346           0.0163473            0.136421           0.0106439            0.154545            0.0172667           0.147166           0.00801086
    280          0.143407           0.0165557            0.136502           0.0106249            0.154614            0.0172125           0.147302           0.01272
    281          0.143484           0.00972991           0.136509           0.00365456           0.154689            0.0126117           0.147272           0.00259812
    282          0.143488           0.0118222            0.136533           0.0135409            0.154719            0.0109337           0.147324           0.00243574
    283          0.143583           0.0180482            0.136622           0.00772027           0.15478             0.0210014           0.147292           0.00476322
    284          0.143639           0.0100854            0.136597           0.0017816            0.154894            0.0211097           0.147364           0.013153
    285          0.143667           0.0081234            0.136637           0.00520775           0.154956            0.0150474           0.147402           0.0125034
    286          0.143707           0.0167349            0.13664            0.00805199           0.15502             0.0132612           0.147468           0.00757784
    287          0.143806           0.0174138            0.136704           0.00753754           0.155066            0.0132071           0.147465          -0.000270637
    288          0.143852           0.0128417            0.136703          -0.000697182          0.15513             0.0121787           0.147466          -0.00600815
    289          0.143913           0.0143403            0.136698           0.00159887           0.155168            0.0105549           0.147415          -0.00378892
    290          0.143971           0.0130715            0.136716           0.00201001           0.155218            0.0129365           0.147434           0.00319352
    291          0.144022           0.0129266            0.136715           0.0154852            0.155275            0.0142896           0.147441           0.00389718
    292          0.144079           0.0127716            0.136846           0.0163999            0.155337            0.0165089           0.147467           0.0106631
    293          0.144128           0.0113463            0.136852           0.00580265           0.155413            0.0164006           0.14753            0.00589989
    294          0.144173           0.0156976            0.136894           0.0181815            0.155473            0.0162924           0.147516          -0.00530449
    295          0.144259           0.0163538            0.137003           0.0158517            0.155549            0.0223546           0.147486           0.017429
    296          0.14431            0.0126692            0.137026          -0.00146183           0.15566             0.0122328           0.147661           0.0113668
    297          0.144365           0.00888355           0.136991          -0.000411138          0.155651            0.00514211          0.147581          -0.00725308
    298          0.144384           0.0153133            0.137023           0.0155776            0.155703            0.014452            0.147601           0.00801086
    299          0.144492           0.0196679            0.137121           0.0126539            0.155771            0.0175914           0.147647           0.0132612
    300          0.144548           0.0126781            0.137128           0.00105069           0.155849            0.0253316           0.147711           0.00914754
    301          0.144598           0.0126359            0.13713            0.00899936           0.155982            0.024628            0.147724           0.00330177
    302          0.144653           0.0119341            0.137203           0.00772027           0.156054            0.011908            0.147739          -0.00281463
    303          0.144698           0.0139815            0.137194           0.00561889           0.156081            0.00617053          0.1477            -0.00211097
    304          0.144769           0.0171614            0.13725            0.00758322           0.156106            0.0107172           0.147721           0.00324765
    305          0.144841           0.0150691            0.137257           0.00612139           0.156171            0.0164006           0.147727           0.0129906
    306          0.144895           0.0121736            0.137301          -0.00433979           0.156242            0.0125576           0.147829           0.00930992
    307          0.144942           0.0161747            0.137221           0.00392866           0.156275            0.00930992          0.147805          -0.000487147
    308          0.14503            0.0120061            0.137334           0.00982164           0.15632             0.0140731           0.147825           0.00817324
    309          0.145042           0.0116337            0.137303          -0.00596396           0.156393            0.0176455           0.147873           0.00995945
    310          0.145127           0.0202893            0.137284           0.00589298           0.156467            0.0208391           0.147908           0.00546687
    311          0.145211           0.0155512            0.137352           0.0145979            0.156566            0.0193776           0.147919           0.0136401
    312          0.145256           0.010599             0.137406           0.00575594           0.156629            0.0134236           0.148022           0.00719895
    313          0.145299           0.00874189           0.1374             0.0107353            0.156678            0.0155346           0.147979           0.000487147
    314          0.145329           0.0140838            0.137495           0.0111921            0.156758            0.0167795           0.148026           0.00779435
    315          0.145417           0.0221934            0.137493           0.00886232           0.156818            0.014019            0.148044           0.0115291
    316          0.145514           0.01462              0.137569          -0.00159887           0.156875            0.0141814           0.148122           0.00384305
    317          0.145539           0.00754743           0.13748            0.00280347           0.156936            0.0192694           0.148076           0.0011908
    318          0.145577           0.0151587            0.137592           0.0090678            0.157035            0.0211638           0.148132           0.00384305
    319          0.145665           0.0147891            0.137555           0.000439955          0.157113            0.0126117           0.148108           0.000487147
    320          0.1457             0.0145639            0.137596           0.0152832            0.157141            0.00622466          0.148136           0.00568338
    321          0.145786           0.0218543            0.137683           0.026796             0.157164            0.0169419           0.148155           0.016563
    322          0.145882           0.0155477            0.137819           0.0073067            0.157282            0.0176997           0.148274           0.00941818
    323          0.145916           0.0100173            0.137744          -0.0034216            0.157312            0.00741546          0.148233           0.00221923
    324          0.145966           0.0130443            0.137791          -0.0012791            0.157344            0.0140731           0.148293           0.00968881
    325          0.146025           0.0173407            0.137733           0.00736961           0.157429            0.0214886           0.148314           0.00633291
    326          0.14611            0.0173722            0.137852           0.0102328            0.157523            0.0193235           0.148345           0.0094723
    327          0.146169           0.0122506            0.137818           0.00022841           0.15759             0.0147768           0.148393           0.0133695
    328          0.146213           0.00922802           0.137854          -0.00338047           0.157646            0.0154263           0.148457           0.00508798
    329          0.146246           0.0100083            0.13779           -0.00447684           0.157719            0.0192694           0.148436           0.00654942
    330          0.146296           0.0100949            0.137817           0.00201001           0.157806            0.0141273           0.148511           0.00497973
    331          0.14633            0.0151434            0.137807           0.014801             0.157837            0.0124493           0.148477           0.00546687
    332          0.146422           0.0160512            0.13794            0.012791             0.15791             0.0138025           0.148557           0.0113126
    333          0.146464           0.0113607            0.137913          -0.0063498            0.157952            0.013153            0.148571           0.00438432
    334          0.146517           0.0135129            0.137887          -0.000548185          0.15802             0.0192152           0.148593           0.00579164
    335          0.146577           0.0128868            0.137909           0.0105982            0.158112            0.0154804           0.14862            0.00541274
    336          0.146624           0.0130876            0.137975           0.00274092           0.158149            0.0067118           0.148638           0.00362654
    337          0.146686           0.0146612            0.137932           0.00740049           0.158168            0.0125576           0.14865            0.00822737
    338          0.146746           0.0154513            0.138037           0.00708072           0.158253            0.0151557           0.148707           0.00914754
    339          0.146815           0.0170173            0.137991          -0.000282161          0.158294            0.013153            0.148726           0.00914754
    340          0.146888           0.0130664            0.138035           0.00853017           0.158363            0.0225711           0.148783           0.0184033
    341          0.146923           0.00646028           0.138062           0.0110631            0.158482            0.0233831           0.148879           0.0188905
    342          0.146942           0.0111849            0.138127           0.015727             0.158558            0.0158593           0.148941           0.0101218
    343          0.147017           0.0202433            0.138193           0.0175415            0.158614            0.0135319           0.148964           0.011475
    344          0.147111           0.0116962            0.138273          -0.00424843           0.158671            0.0215969           0.149036           0.014452
    345          0.147114           0.00870816           0.138157          -0.0027829            0.158794            0.0208932           0.149084           0.0125034
    346          0.147183           0.014139             0.13825            0.0158943            0.158845            0.0121245           0.149141           0.0082815
    347          0.147232           0.0113264            0.13829            0.0109948            0.158895            0.0150474           0.149153           0.00644117
    348          0.147278           0.0120521            0.138342           0.0116335            0.15897             0.0154804           0.149194           0.00600815
    349          0.147332           0.0159651            0.138387           0.00492711           0.159024            0.0208391           0.149203           0.0152098
    350          0.147411           0.0179583            0.138383          -0.00433403           0.159144            0.0218134           0.149321           0.0157511
    351          0.147482           0.0132124            0.138351           0.00333036           0.159206            0.0129906           0.149334           0.00292288
    352          0.147521           0.0115082            0.13841            0.0125003            0.159252            0.0120163           0.149345           0.00200272
    353          0.147578           0.015505             0.138455           0.018796             0.159306            0.0152098           0.149351           0.00438432
    354          0.14765            0.0120635            0.138567           0.017108             0.159379            0.0112585           0.149382          -0.000270637
    355          0.147679           0.0127082            0.138597           0.00894179           0.1594              0.0178621           0.149349           0.00730721
    356          0.147756           0.0170085            0.138641           0.00734504           0.159528            0.0266307           0.149443           0.0199189
    357          0.14782            0.0134607            0.138659           0.00120126           0.159622            0.0142355           0.149515           0.00725308
    358          0.147868           0.0103825            0.138651           0.0117703            0.159646            0.0120704           0.149503          -0.00427607
    359          0.147907           0.0146607            0.138757           0.0134888            0.159722            0.0197024           0.149479           0.00952643
    360          0.14799            0.0148694            0.138764           0.00100367           0.15981             0.0164006           0.149583           0.0100136
    361          0.148031           0.0131477            0.138765           0.00857682           0.159859            0.0168878           0.149563           0.0115833
    362          0.1481             0.00944338           0.138835           0.00588516           0.159951            0.0168336           0.149679           0.0145603
    363          0.148109           0.0114781            0.138814           0.0114966            0.159999            0.0141273           0.149684           0.000595402
    364          0.148195           0.0209737            0.138931           0.0240425            0.160069            0.0214886           0.149684           0.00979707
    365          0.148284           0.0169042            0.139014           0.00200734           0.160178            0.0200272           0.149766           0.0155346
    366          0.148336           0.011739             0.138948           0.00442527           0.160236            0.0133154           0.149813          -0.00389718
    367          0.148382           0.0159651            0.139051           0.0141882            0.160289            0.0113126           0.149733          -0.00292288
    368          0.148469           0.0156748            0.139066           0.000501835          0.16033             0.0115291           0.149789           0.00719895
    369          0.148513           0.0102859            0.139055           0.000228107          0.160385            0.0158593           0.149793           0.00525036
    370          0.148555           0.013751             0.139068           0.0021442            0.160462            0.0149933           0.149833           0.00416781
    371          0.148627           0.0184233            0.139073          -0.000182486          0.16051             0.0155887           0.149828           0.00941818
    372          0.148709           0.0162259            0.139067           0.0112685            0.160592            0.0213262           0.149911           0.00746959
    373          0.148762           0.00937738           0.139167           0.017108             0.160688            0.0190529           0.14989           -0.00167795
    374          0.148787           0.0098086            0.139209           0.00634137           0.160751            0.0120704           0.149897          -0.000541274
    375          0.148844           0.0214433            0.13922            0.012774             0.160789            0.0185657           0.149886           0.00920167
    376          0.148965           0.0214433            0.139316           0.012044             0.160906            0.014885            0.149974           0.00903928
    377          0.149023           0.00579125           0.13932            0.004699             0.160913            0.0101218           0.149961           0.00573751
    378          0.149014           0.0116868            0.139355          -0.00141426           0.16099             0.0180786           0.150022           0.00752372
    379          0.14912            0.0178955            0.139309           0.00474462           0.161063            0.0164006           0.150024           0.00746959
    380          0.149163           0.0117912            0.139394           0.0211227            0.161127            0.0207849           0.150084           0.00487147
    381          0.149218           0.0169042            0.139485           0.0188873            0.161237            0.0212721           0.150064           0.00113668
    382          0.149304           0.0164346            0.139552           0.00542894           0.161304            0.0112585           0.150094           0.000378892
    383          0.149355           0.0148694            0.13953            0.00291977           0.16133             0.00974294          0.150067          -0.00330177
    384          0.149428           0.0167477            0.139576           0.00821185           0.161385            0.0122869           0.150066           0.000649529
    385          0.149495           0.0163303            0.139598           0.00871368           0.161433            0.0153181           0.150073           0.0138566
    386          0.149564           0.00970425           0.139649           0.00807498           0.161513            0.0160217           0.150182           0.0108796
    387          0.149576           0.00886948           0.139666           0.00396906           0.161566            0.0148309           0.150164           0.00140731
    388          0.149638           0.017067             0.139682           0.0122722            0.161636            0.0195941           0.150193           0.00925579
    389          0.149718           0.0221259            0.139768           0.0174274            0.16173             0.016563            0.150241           0.00871452
    390          0.149822           0.0215935            0.139827           0.0126371            0.161774            0.0120704           0.150266          -0.000703657
    391          0.149898           0.0166911            0.139873           0.0038322            0.16183             0.0173749           0.150235           0.00243574
    392          0.149961           0.010226             0.139859          -0.0085312            0.161919            0.0143979           0.150286          -0.00324765
    393          0.149983           0.0145042            0.139802           0.00921552           0.16195             0.0117457           0.150208           0.00855214
    394          0.150082           0.0157784            0.139936           0.00748191           0.162017            0.0157511           0.150357           0.0221381
    395          0.150115           0.0144843            0.139865          -0.00114053           0.162081            0.0145062           0.150392           0.010609
    396          0.150203           0.0147784            0.139926           0.0123634            0.162138            0.0159676           0.150446           0.00736133
    397          0.150238           0.00758504           0.139968           0.0100367            0.162215            0.0184033           0.150454          -0.00319352
    398          0.150266           0.0134254            0.14001            0.0155113            0.162291            0.0137484           0.150419          -0.00254399
    399          0.15035            0.0145564            0.140097           0.00907865           0.162329            0.0152098           0.150432           0.00357241
    400          0.150387           0.00850426           0.140085          -0.00442527           0.162418            0.0175914           0.150449          -0.00259812
    401          0.150421           0.016539             0.14006            0.0160131            0.162476            0.0120704           0.150411           0.00351828
    402          0.150525           0.0206085            0.140219           0.0162412            0.162519            0.0158052           0.150478           0.0122869
    403          0.150592           0.0123129            0.140195          -0.00497273           0.162607            0.0180786           0.150513           0.0102301
    404          0.150628           0.0166433            0.140177           0.00670634           0.162669            0.0121787           0.150564          -0.000487147
    405          0.150731           0.0151286            0.140251           0.00269166           0.162709            0.0129365           0.150509           0.00341003
    406          0.150754           0.010965             0.1402             0.00223545           0.162777            0.0141814           0.150592           0.00200272
    407          0.150822           0.0160706            0.14027            0.0111772            0.162827            0.0201895           0.150526          -0.00378892
    408          0.150888           0.00698268           0.140293          -0.00935238           0.162945            0.0153181           0.15056            0.00725308
    409          0.150881           0.0174265            0.140192           0.00552019           0.162955            0.00866039          0.150586           0.0106631
    410          0.151033           0.019565             0.140339           0.0106754            0.163017            0.0151557           0.150649           0.0067118
    411          0.151044           0.00735645           0.140281           0.00118616           0.163081            0.0213803           0.150642           0.00270637
    412          0.151094           0.0149738            0.140349           0.0180204            0.163196            0.0231124           0.150672           0.00903928
    413          0.151168           0.0171925            0.140431           0.0125003            0.163274            0.0142355           0.150717           0.00692831
    414          0.151237           0.0122068            0.140453           0.00784688           0.163314            0.00833563          0.15073           -0.00541274
    415          0.15127            0.00774641           0.140496           0.00145988           0.163343            0.0115833           0.150672          -0.0113126
    416          0.151302           0.00605393           0.140465          -0.000593078          0.163411            0.019107            0.150635           0.00184033
    417          0.151321           0.0139825            0.140491           0.0121809            0.163502            0.0196483           0.150688           0.0158052
    418          0.151418           0.0245076            0.140567           0.0139601            0.163574            0.014885            0.150767           0.0169419
    419          0.151525           0.0171061            0.140608           0.00985422           0.163626            0.0117457           0.150829           0.0178621
    420          0.151561           0.0144531            0.140649           0.00967173           0.163672            0.01272             0.150916           0.00368067
    421          0.151645           0.0181631            0.140688          -0.00497273           0.163732            0.0146685           0.15086           -0.00265224
    422          0.151712           0.00778664           0.140607          -0.0038322            0.163795            0.01272             0.150894          -0.00579164
    423          0.15171            0.00683471           0.140656           0.0189329            0.163838            0.0197024           0.150811           0.0105007
    424          0.151769           0.0156435            0.140765           0.00638699           0.163959            0.0200272           0.150981           0.0164006
    425          0.151841           0.00975642           0.14071            0.000775563          0.164005            0.00719895          0.150948          -0.000324765
    426          0.151851           0.00741711           0.140772          -0.00323912           0.164019            0.0113668           0.150979           0.00638704
    427          0.151902           0.0161737            0.140683          -0.00100367           0.1641              0.0199189           0.151001           0.00481734
    428          0.151985           0.0151888            0.140763           0.0196628            0.164185            0.0154804           0.151019          -0.00546687
    429          0.152029           0.0121564            0.140847           0.00565705           0.164229            0.0121787           0.150956          -0.00113668
    430          0.152087           0.010011             0.14081           -0.0133214            0.164286            0.0103925           0.151009           0.00378892
    431          0.152112           0.0140211            0.140735           0.00812061           0.164316            0.0136401           0.150987          -0.000378892
    432          0.152204           0.0155111            0.140878           0.0133671            0.1644              0.0179162           0.151006          -0.0049256
    433          0.152242           0.0131091            0.140847           0.00488149           0.164465            0.0129365           0.150946           0.00368067
    434          0.152313           0.0143598            0.140919           0.00228107           0.164508            0.0127741           0.151037           0.0218134
    435          0.152361           0.0106645            0.140866          -0.00287415           0.164571            0.0150474           0.151128           0.00341003
    436          0.152402           0.0133809            0.140895           0.00488149           0.164633            0.011475            0.151065          -0.00281463
    437          0.152473           0.0133874            0.140907           0.0130477            0.164667            0.01272             0.151104           0.00427607
    438          0.152513           0.0136173            0.141004           0.00593078           0.164739            0.0169419           0.151101           0.00384305
    439          0.152586           0.0147129            0.140956           0.00583954           0.164808            0.0145062           0.151136           0.0180244
    440          0.152636           0.0163824            0.141052           0.0147813            0.16486             0.011475            0.151251           0.011908
    441          0.152723           0.0101199            0.141079           0.00885055           0.164904            0.0102301           0.151236           0.00351828
    442          0.15272            0.00699123           0.141126          -0.0066151            0.164945            0.0135319           0.15128            0.00470909
    443          0.152781           0.0173233            0.141024          -0.00241793           0.165017            0.021218            0.151275           0.00481734
    444          0.152865           0.0163303            0.141106           0.0257761            0.165122            0.021651            0.15132            0.00882277
    445          0.152917           0.0161737            0.141239           0.0247268            0.165197            0.0125576           0.151348           0.00449258
    446          0.152999           0.0172172            0.141312           0.000912428          0.165227            0.00676593          0.151358           0.00232748
    447          0.153061           0.0155477            0.141246           0.000273728          0.165253            0.0132071           0.151368           0.0159135
    448          0.153129           0.012626             0.141314          -0.00611326           0.165337            0.0158052           0.151491           0.00211097
    449          0.153166           0.0153911            0.141196          -0.00182486           0.165385            0.0165089           0.151385          -0.0043302
    450          0.153257           0.0159129            0.141299           0.00666072           0.165474            0.013153            0.151454           0.0119622
    451          0.153298           0.00996512           0.141251           0.0027829            0.165495            0.00400543          0.151485           0.00184033
    452          0.15334            0.0152868            0.141322           0.0182486            0.165508            0.0142896           0.15147            0.000595402
    453          0.153426           0.015755             0.141403           0.0119528            0.165614            0.0262518           0.15149            0.00838975
    454          0.153471           0.0142433            0.141422           0.00989984           0.165727            0.0179162           0.15154            0.00205684
    455          0.153545           0.0175838            0.141486           0.0174274            0.165763            0.0132071           0.151507           0.0126658
    456          0.153618           0.0161216            0.141567           0.00620451           0.165837            0.0100136           0.151645           0.00974294
    457          0.153679           0.009026             0.141537           0.00264604           0.165846            0.00914754          0.151588          -0.00438432
    458          0.153693           0.0135651            0.141589          -0.00100367           0.165913            0.0159135           0.151609           0.00487147
    459          0.153792           0.017165             0.141529           0.00387782         nan                 nan                 nan                nan
    460          0.153836           0.0115825            0.141621           0.00989984         nan                 nan                 nan                nan
    461          0.153888           0.0152346            0.141611           0.0106298          nan                 nan                 nan                nan
    462          0.153963           0.0190433            0.14171            0.00465338         nan                 nan                 nan                nan
    463          0.154047           0.0160694            0.14165            0.0120897          nan                 nan                 nan                nan
    464          0.154097           0.0100695            0.141811           0.00570267         nan                 nan                 nan                nan
    465          0.154131           0.0158607            0.141698           0.00150551         nan                 nan                 nan                nan
    466          0.154229           0.0165911            0.141823           0.0148726          nan                 nan                 nan                nan
    467          0.154269           0.00996512           0.141822           0.0108579          nan                 nan                 nan                nan
    468          0.154312           0.0112173            0.141914           0.0119528          nan                 nan                 nan                nan
    469          0.154363           0.0130433            0.141921           0.00834871         nan                 nan                 nan                nan
    470          0.154421           0.0139825            0.141983           0.0148726          nan                 nan                 nan                nan