  Frame    r_f (m) (Cam 1)    v_f (m/s) (Cam 1)    r_p (m) (Cam 1)    v_p (m/s) (Cam 1)    r_f (m) (Cam 2)    v_f (m/s) (Cam 2)    r_p (m) (Cam 2)    v_p (m/s) (Cam 2)
      0          0.0642533          0.127808             0.0625254         -0.00728729           0.0627848          0.133361             0.0611441          0
      1          0.0647859          0.124893             0.062495          -0.00482082           0.0633405          0.146098             0.0611441          0
      2          0.0652941          0.170859             0.0624852         -0.00117718           0.0640023          0.169645             0.0611441          0.0126297
      3          0.0662097          0.211892             0.0624852          0                    0.0647542          0.199989             0.0612493          0.00246173
      4          0.0670599          0.185938             0.0624852          0.00168168           0.0656688          0.216043             0.0611646         -0.0126297
      5          0.0677592          0.153089             0.0624992          0.0122202            0.0665545          0.22787              0.0611441          0.0084555
      6          0.0683356          0.181734             0.0625871          0.00756757           0.0675678          0.247243             0.0612351          0.00379962
      7          0.0692736          0.211612             0.0625623          0.000224224          0.0686149          0.238038             0.0611757          0.00144493
      8          0.070099           0.198775             0.0625889         -0.00252252           0.0695514          0.227817             0.0612471          0.0455955
      9          0.0709301          0.185938             0.0625413          0.0105385            0.0705134          0.226907             0.0615557         -0.00893714
     10          0.0716485          0.219796             0.0626767          0.0507868            0.0714423          0.224392             0.0611726         -0.0357486
     11          0.0727617          0.263688             0.0629645         -0.0206847            0.0723833          0.239804             0.0612578          0.0020336
     12          0.0738459          0.21761              0.0625044          0.013005             0.0734407          0.249437             0.0611896          0.0196938
     13          0.0745751          0.190254             0.0630729          0.0776937            0.0744619          0.243122             0.0614219          0.0234399
     14          0.0754314          0.221197             0.0631518          0.0905305            0.0754667          0.256287             0.0613849          0.0219415
     15          0.0764184          0.246422             0.0638273          0.125341             0.0765977          0.263994             0.0616048          0.108048
     16          0.0774849          0.239808             0.0641963          0.180893             0.0776666          0.260836             0.0622853          0.14171
     17          0.0784168          0.227812             0.0653347          0.0137898            0.0787713          0.265867             0.0627857          0.047201
     18          0.0793833          0.233361             0.0643112          0.155275             0.0798822          0.264047             0.0626786          0.0656639
     19          0.0803615          0.234707             0.0666287          0.381798             0.0809717          0.268703             0.0633329          0.143476
     20          0.0813392          0.24446              0.0674929         -0.0811692            0.0821214          0.275125             0.0638743          0.120946
     21          0.0823987          0.254158             0.0659523         -0.0901381            0.0832644          0.27475              0.0643408          0.144867
     22          0.0834572          0.26649              0.0667417          0.33998              0.084411           0.280155             0.0650815          0.420474
     23          0.0846194          0.307299             0.0687855          0.30999              0.085599           0.275393             0.0678447          0.43107
     24          0.086018           0.326807             0.069325           0.2763               0.0867059          0.270362             0.0686738          0.350796
     25          0.0873428          0.314026             0.071088           0.102302             0.087852           0.27946              0.070768           0.278603
     26          0.0886349          0.290595             0.0701775          0.11626              0.0890347          0.29118              0.0709954          0.194691
     27          0.0897644          0.282466             0.0720568          0.313522             0.0902785          0.293855             0.0723904          0.237824
     28          0.0909888          0.306402             0.0727902          0.519303             0.0914835          0.307984             0.0729773          0.0560846
     29          0.0923178          0.307524             0.0763843          0.428661             0.0928451          0.321523             0.0728578          0.266562
     30          0.0935515          0.307692             0.0763624          0.394859             0.0941629          0.316493             0.0751987          0.446162
     31          0.0948819          0.319183             0.0796748          0.441385             0.0954825          0.317349             0.0765758          0.261639
     32          0.0962113          0.330058             0.0800406          0.273161             0.0968075          0.320239             0.077379           0.439954
     33          0.0976324          0.336168             0.0819512          0.179996             0.0981512          0.336615             0.0802421          0.144814
     34          0.0990127          0.317838             0.0815405          0.257409             0.0996126          0.34127              0.0785858          0.0481643
     35          0.100281           0.314979             0.0840962          0.297602             0.100995           0.333083             0.0806435          0.43776
     36          0.101638           0.333029             0.0840206          0.407976             0.102388           0.335865             0.0822338          0.526114
     37          0.103056           0.336729             0.087496           0.36756              0.103794           0.325002             0.0850277          0.345391
     38          0.104444           0.335832             0.0870836          0.177586             0.105097           0.320239             0.085112           0.13379
     39          0.105855           0.329946             0.0889759          0.239528             0.106463           0.33121              0.0861427          0.186717
     40          0.107193           0.358591             0.0890796          0.448561             0.107857           0.331263             0.086668           0.242801
     41          0.108843           0.375576             0.0927139          0.4679               0.109223           0.329818             0.088166           0.204591
     42          0.110323           0.350631             0.0929788          0.143335             0.110605           0.349672             0.0883729          0.249919
     43          0.111765           0.334374             0.0939084          0.145578             0.112137           0.329872             0.0902487          0.699934
     44          0.113109           0.312232             0.0941919          0.279439             0.113354           0.303863             0.0942057          0.522208
     45          0.114367           0.318567             0.096237           0.239696             0.114669           0.312051             0.0946004         -0.0313068
     46          0.115764           0.33045              0.0961894          0.131956             0.115955           0.328641             0.0939448          0.17002
     47          0.117121           0.318118             0.0973367          0.361001             0.117408           0.308144             0.0960172          0.340521
     48          0.118415           0.305337             0.0991977          0.301918             0.118522           0.27368              0.0967825          0.210638
     49          0.119665           0.291267             0.0998527          0.257746             0.119689           0.28342              0.0977725          0.258107
     50          0.120842           0.268733             0.101346           0.245301             0.120884           0.304452             0.0989334          0.381033
     51          0.121905           0.284092             0.101897           0.103816             0.122226           0.318794             0.100948           0.222358
     52          0.12321            0.292164             0.102211           0.270134             0.123541           0.297548             0.100786           0.159798
     53          0.124339           0.276805             0.104148           0.0131171            0.124705           0.278764             0.102279           0.184523
     54          0.125517           0.28611              0.10232            0.108412             0.125864           0.267526             0.102324           0.110457
     55          0.126724           0.313297             0.105051           0.467451             0.126935           0.260729             0.1032             0.16713
     56          0.128127           0.282803             0.106215           0.307804             0.128037           0.300384             0.103717           0.234399
     57          0.12908            0.238967             0.107616           0.159087             0.129438           0.304505             0.105153           0.0702663
     58          0.130119           0.234426             0.107541          -0.000392392          0.130574           0.237503             0.104302           0.0299154
     59          0.131034           0.257241             0.107613          -0.136553             0.131417           0.259124             0.105403           0.290002
     60          0.132262           0.248496             0.106403           0.0313353            0.132734           0.270416             0.106719           0.217007
     61          0.133105           0.186723             0.107874           0.145409             0.133671           0.232526             0.107211           0.0275607
     62          0.133818           0.20595              0.107615           0.0364364            0.134671           0.253612             0.106949           0.288183
     63          0.134821           0.226579             0.108178           0.0975936            0.135784           0.265492             0.109612           0.294872
     64          0.135707           0.218619             0.108428           0.236781             0.136884           0.250882             0.109406           0.0263833
     65          0.136643           0.217441             0.110151           0.0982102            0.137875           0.231617             0.109832          -0.0897996
     66          0.137519           0.183135             0.109247          -0.0563363            0.138814           0.220378             0.108658          -0.0430267
     67          0.138169           0.184088             0.109682           0.141093             0.139711           0.245049             0.109474           0.0749222
     68          0.139053           0.194346             0.110422           0.288128             0.140856           0.236433             0.109282           0.134218
     69          0.139788           0.187956             0.112083           0.122482             0.141681           0.213582             0.110592          -0.156266
     70          0.140619           0.209313             0.111443          -0.110655             0.142636           0.206839             0.10798           -0.010275
     71          0.141533           0.19586              0.111161          -0.0843083            0.143405           0.177244             0.110507           0.397837
     72          0.142251           0.151576             0.110741          -0.0534214            0.144113           0.178689             0.111295           0.0097934
     73          0.142796           0.122482             0.110715           0.0821782            0.144894           0.181954             0.110588          -0.065985
     74          0.143272           0.116709             0.111425           0.102583             0.145629           0.177512             0.110745           0.0545862
     75          0.143768           0.152585             0.11157            0.0668749            0.146373           0.175371             0.111043          -0.0999141
     76          0.144543           0.140757             0.111983          -0.0237117            0.147091           0.183292             0.109913           0.0147169
     77          0.144941           0.123323             0.111373          -0.0246086            0.147901           0.175157             0.111166           0.133094
     78          0.145571           0.13375              0.111778           0.153874             0.14855            0.143315             0.111022           0.043776
     79          0.146056           0.115924             0.112655          -0.0457417            0.149095           0.142031             0.111531           0.0240821
     80          0.146537           0.111327             0.111396           0.170747             0.149734           0.145028             0.111222          -0.0120411
     81          0.146984           0.0939499            0.114078           0.0621101            0.150304           0.134325             0.11143           -0.0452209
     82          0.14732            0.0996677            0.111914           0.0181622            0.150853           0.137857             0.110846          -0.0975594
     83          0.147814           0.0911471            0.114229          -0.0581301            0.151452           0.144814             0.110617          -0.0757784
     84          0.14808            0.0707988            0.11143           -0.247768             0.15206            0.137589             0.110214           0.0511611
     85          0.148404           0.0637357            0.112164          -0.279159             0.152599           0.129936             0.111044          -0.00984691
     86          0.148611           0.090026             0.109103          -0.170523             0.153143           0.127635             0.110132          -0.240607
     87          0.149154           0.0993313            0.110743           0.0308869            0.153663           0.0908699            0.109039           0.0499303
     88          0.149438           0.0494975            0.109361           0.0237117            0.1539             0.0841804            0.110548           0.107995
     89          0.149567           0.0686126            0.110941           0.0898018            0.154364           0.105908             0.109938          -0.164454
     90          0.15001            0.0779179            0.110109           0.0165365            0.154783           0.103821             0.109178          -0.0582252
     91          0.150216           0.0557758            0.111079           0.100621             0.155229           0.0933316            0.109453          -0.0948836
     92          0.150475           0.0765165            0.110948           0.0241041            0.15556            0.0874984            0.108387          -0.11538
     93          0.150854           0.0785906            0.11128           -0.298274             0.155959           0.0868027            0.108492           0.0238145
     94          0.15113            0.0294855            0.108462           0.0423784            0.156284           0.0695706            0.108585          -0.00299689
     95          0.1511             0.0335215            0.111633           0.11755              0.156538           0.0637374            0.108467          -0.124692
     96          0.151409           0.0586907            0.109442          -0.0967528            0.156815           0.069196             0.107546          -0.24628
     97          0.151589           0.0485445            0.110827          -0.112168             0.157115           0.0746546            0.106414          -0.403938
     98          0.151814           0.0275235            0.108507          -0.241994             0.157437           0.065878             0.10418            0.0176067
     99          0.151818           0.00801602           0.10881           -0.0447327            0.157664           0.0535158            0.106561           0.232098
    100          0.151881           0.0178819            0.108134           0.154995             0.157883           0.0535158            0.106114           0.0229583
    101          0.151967           0.0563363            0.110102           0.0444525            0.15811            0.0478432            0.106753          -0.06256
    102          0.15235            0.0198999            0.108504          -0.0765165            0.158282           0.042224             0.105593           0.0508936
    103          0.152133          -0.00347548           0.109464           0.0627267            0.158462           0.0484853            0.107177           0.189178
    104          0.152321           0.0322883            0.109027          -0.0821221            0.158686           0.0510006            0.107169           0.23472
    105          0.152402           0.0179379            0.10878           -0.107796             0.158887           0.0347853            0.109133          -0.132666
    106          0.152471           0.000392392          0.108129           0.0548789            0.158975           0.0299154            0.106064          -0.0816117
    107          0.152405           0.00908108           0.109237          -0.143616             0.159136           0.0383173            0.108453           0.0190516
    108          0.152546           0.0135095            0.106932          -0.225626             0.159295           0.0316279            0.106223          -0.0807554
    109          0.152518           0.00308308           0.107357           0.0654174            0.1594             0.0274536            0.10778           -0.112811
    110          0.152572           0.0204044            0.107477           0.324957             0.159524           0.0283634            0.105283          -0.202611
    111          0.152688           0.0137898            0.110065          -0.0436677            0.159636           0.0220485            0.106091           0.160333
    112          0.152687          -0.000112112          0.107113          -0.0990511            0.159707           0.0187841            0.106619          -0.0544256
    113          0.152687           0.00723123           0.109239           0.156677             0.159792           0.0226372            0.105638          -0.233864
    114          0.152747          -0.0118278            0.108419           0.234539             0.159896           0.0230653            0.10467           -0.0414748
    115          0.152588          -0.0163684            0.111194           0.0323443            0.159985           0.0145563            0.105292           0.150754
    116          0.152611           0.00633433           0.108688           0.0129489            0.160017           0.00668948           0.105926           0.202664
    117          0.152641           0.00582983           0.111302           0.153762             0.16004            0.00952582           0.106981           0.0187841
    118          0.152659           0.0065025            0.10997           -0.110935             0.160097           0.0141817            0.106083           0.0946695
    119          0.152695           0.0148549            0.110377          -0.0372212            0.160159           0.01172              0.10777           -0.00968637
    120          0.152783           0.0154715            0.10966           -0.0215816            0.160194           0.0103821            0.106002          -0.159905
    121          0.152824          -0.00767968           0.110197          -0.0397998            0.160245           0.0101145            0.106437          -0.0706409
    122          0.152719          -0.00908108           0.109328           0.177025             0.160279           0.00872308           0.105413           0.195868
    123          0.152749           0.0162563            0.111673           0.221814             0.160318           0.00433478           0.108069           0.0332333
    124          0.152855           0.00213013           0.111176           0.000672673          0.160315           0.00524455           0.10569           -0.108156
    125          0.152766          -0.00717518           0.111678          -0.0522442            0.160362           0.0149309            0.107168          -0.0587069
    126          0.152795           0.0028028            0.110741          -0.0301582            0.160439           0.0149309            0.105201          -0.0508936
    127          0.15279            0.005998             0.111427          -0.0247207            0.160486           0.00369259           0.106744          -0.0886757
    128          0.152845           0.000224224          0.110535          -0.114635             0.16047            0.00513752           0.104462          -0.102322
    129          0.152792          -0.0114354            0.110472          -0.185209             0.160529           0.00631487           0.105891           0.0269185
    130          0.152749           0.0153594            0.108992           0.0945666            0.160523           0.00385314           0.104686           0.259659
    131          0.15292            0.0285886            0.11126            0.173269             0.160561           0.00604729           0.108055          -0.00631487
    132          0.152988          -0.0088008            0.110436           0.0108749            0.160573          -0.000909769          0.104634          -0.270255
    133          0.152846          -0.0167608            0.11135            0.0352593            0.160553          -0.000321095          0.105803          -0.0766347
    134          0.152848           0.00801602           0.110729           0.0348108            0.16057            0.00556565           0.103995           0.16424
    135          0.152913           0.0132853            0.11164           -0.144961             0.1606             0.00936527           0.107172           0.0459166
    136          0.152959           0.0051011            0.109521           0.118166             0.160648           0.00792034           0.104378           0.0724069
    137          0.152955          -0.00818418           0.112625           0.171419             0.160666           0.00535158           0.107775           0.118645
    138          0.152891          -0.0108749            0.11095           -0.0242162            0.160693           0.0040672            0.105366           0.238734
    139          0.152865           0.00465265           0.112423          -0.237117             0.1607             0.0040672            0.109765           0.00181954
    140          0.152929          -0.00375576           0.108974          -0.0311111            0.160727           0.00267579           0.105382          -0.112758
    141          0.152834           0.0162002            0.112164           0.0243844            0.160722           0.000481643          0.108825          -0.062453
    142          0.153064           0.016985             0.109177           0.10561              0.160731           0.00262228           0.104861          -0.136679
    143          0.152975          -0.0141822            0.113044           0.0335776            0.160744           0.00240821           0.107686          -0.0040672
    144          0.152946           0.0128368            0.109457          -0.285325             0.160751           0.00139141           0.104827           0.12512
    145          0.153082           0.0183864            0.110666           0.0337457            0.160755           0.00470939           0.108729           0.0532483
    146          0.153099          -0.0131732            0.109738           0.124332             0.16079            0.00433478           0.105271           0.0177673
    147          0.152972          -0.0216376            0.111702          -0.0519079            0.160791          -0.000535158          0.108877          -0.000963285
    148          0.152919          -0.00201802           0.109306           0.167608             0.160786          -0.00192657           0.105263          -0.0970242
    149          0.152955           0.017041             0.113099          -0.117325             0.160775          -0.0020336            0.108068           0.062346
    150          0.153061           0.00257858           0.108328          -0.281065             0.160769          -0.00251524           0.105783           0.139462
    151          0.152977          -0.00386787           0.110757          -0.015023             0.160754           0.00230118           0.10923            0.0395482
    152          0.153029           0.005998             0.108203           0.12764              0.160788           0.00679651           0.106112           0.0336615
    153          0.153027          -6.66134e-15          0.111821           0.106507             0.160811           0.00385314           0.109511           0.0337685
    154          0.153029          -0.000168168          0.10909            0.0103704            0.16082            0.00347853           0.106393          -0.118752
    155          0.153026          -0.00201802           0.111907          -0.00594194           0.16084            0.00428127           0.108521           0.0304505
    156          0.153012          -0.00672673           0.109041           0.0051011            0.160856           0.005084             0.106647           0.0377822
    157          0.15297           -0.0051011            0.11195           -0.0278038            0.160882           0.00219415           0.108836           0.0267044
    158          0.15297           -0.00106507           0.108809          -0.0933333            0.160874           0.0023547            0.10687            0.102376
    159          0.152961           0.00263463           0.111172           0.0302703            0.160902           0.00310392           0.109689           0.0172856
    160          0.152991           0.0232633            0.109061           0.182631             0.1609             0.00107032           0.107014          -0.118698
    161          0.153154           0.0235435            0.112694           0.135656             0.160911           0.00481643           0.1087            -0.125227
    162          0.153188           0.00639039           0.110192           0.112392             0.16094            0.00390666           0.10597           -0.298672
    163          0.153208           0.00655856           0.11363            0.0740501            0.160944           0.00155196           0.106211          -0.103393
    164          0.153242          -0.000560561          0.110809          -0.154771             0.160953           0.000214063          0.105109           0.0710155
    165          0.153203          -0.0203483            0.112341          -0.0914274            0.160945           0.00144493           0.106803          -0.0143958
    166          0.153073          -0.0218058            0.110047          -0.143896             0.160965           0.00176602           0.104989          -0.0470404
    167          0.153021           0.00274675           0.111141           0.0784224            0.16096            0.00192657           0.106411          -0.043883
    168          0.153096           0.00807207           0.1107             0.0404725            0.160981           0.00267579           0.104623           0.0883546
    169          0.153089          -0.00381181           0.111479           0.00767968           0.160982           0.000802738          0.107147          -0.0680721
    170          0.153064          -0.000952953          0.110764           0.0155836            0.160988           0.00176602           0.104056           0.0667342
    171          0.153081           0.00168168           0.111609           0.00431632           0.160997           0.00492346           0.107703           0.0470939
    172          0.153078          -0.0042042            0.1108             0.0576256            0.161029           0.00492346           0.104448          -0.106336
    173          0.153046          -0.00246647           0.112089          -0.0501141            0.161038           0.00224767           0.106817           0.568552
    174          0.153057           0.00515716           0.110383          -0.21789            nan                nan                  nan                nan
    175          0.153089           0.029037             0.110273           5.60561e-05        nan                nan                  nan                nan
    176          0.153299           0.0223664            0.110383           0.111327           nan                nan                  nan                nan
    177          0.153275           0.00156957           0.111201          -0.198326           nan                nan                  nan                nan
    178          0.153312          -0.00549349           0.108731          -0.0547668          nan                nan                  nan                nan
    179          0.153229          -0.0181061            0.110744          -0.0165926          nan                nan                  nan                nan
    180          0.153161           0.00661461           0.108592           0.0131732          nan                nan                  nan                nan
    181          0.153284           0.0190591            0.110854           0.0535896          nan                nan                  nan                nan
    182          0.15332           -0.0134535            0.109039           0.00980981         nan                nan                  nan                nan
    183          0.153172          -0.0267948            0.110936           0.152416           nan                nan                  nan                nan
    184          0.153097           0.0118839            0.110309          -0.0912593          nan                nan                  nan                nan
    185          0.153271           0.0418178            0.110175          -0.0320641          nan                nan                  nan                nan