  Frame    r_f (m) (Cam 1)    v_f (m/s) (Cam 1)    r_p (m) (Cam 1)    v_p (m/s) (Cam 1)    r_f (m) (Cam 2)    v_f (m/s) (Cam 2)    r_p (m) (Cam 2)    v_p (m/s) (Cam 2)
      0          0.0624398           0.133268            0.0619485          0                    0.0617499          0.290556             0.0609525          0
      1          0.0629951           0.175826            0.0619485          0                    0.0629606          0.342518             0.0609525          0
      2          0.063905            0.242734            0.0619485          0                    0.0646043          0.395293             0.0609525          0
      3          0.0650179           0.272623            0.0619485          0                    0.0662547          0.388527             0.0609525          0.00330177
      4          0.0661769           0.269717            0.0619485          0                    0.067842           0.368662             0.06098            0.0817324
      5          0.0672655           0.235056            0.0619485          0                    0.0693269          0.367471             0.0616336          0.203249
      6          0.0681357           0.235714            0.0619485          0.0121202            0.0709042          0.360381             0.0626737          0.31264
      7          0.0692298           0.270978            0.0620495          0.107053             0.0723301          0.343222             0.0642389          0.440814
      8          0.0703938           0.342767            0.0628406          0.412527             0.0737644          0.38712              0.0663472          0.513291
      9          0.0720862           0.494023            0.0654872          0.650325             0.0755561          0.474968             0.0685163          0.618785
     10          0.0745107           0.654877            0.06826            0.703193             0.0777225          0.545767             0.0715037          0.689097
     11          0.0775435           0.710433            0.0713472          0.79489              0.0801041          0.595564             0.0742588          0.635998
     12          0.080431            0.665352            0.0748841          0.829716             0.0826855          0.615537             0.0768037          0.615646
     13          0.0830881           0.639686            0.0782615          0.797084             0.0852336          0.592263             0.0793892          0.624089
     14          0.0857617           0.653506            0.0815264          0.800868             0.0876211          0.572019             0.0820044          0.652994
     15          0.088534            0.673962            0.0849354          0.730505             0.0900004          0.562114             0.0848308          0.651532
     16          0.091378            0.678295            0.087614           0.664913             0.0923053          0.565469             0.0874339          0.617107
     17          0.0941864           0.663871            0.0904763          0.731712             0.0947127          0.567635             0.0899733          0.644062
     18          0.0969103           0.636505            0.0937116          0.77054              0.0970356          0.569475             0.0928011          0.674157
     19          0.0994906           0.627785            0.0968975          0.770376             0.0994583          0.596322             0.0955913          0.674645
     20          0.102142            0.61188             0.100131           0.732425             0.102005           0.609583             0.0984231          0.657215
     21          0.10459             0.552486            0.103001           0.677801             0.104538           0.581545             0.101068           0.624739
     22          0.106746            0.56126             0.10578            0.674346             0.106851           0.535537             0.103629           0.590639
     23          0.109267            0.604257            0.108621           0.66239              0.109001           0.50961              0.10599            0.581545
     24          0.111781            0.582704            0.1113             0.63974              0.111098           0.518974             0.108475           0.59118
     25          0.114123            0.523583            0.113952           0.593508             0.113326           0.533209             0.110917           0.577161
     26          0.116145            0.483548            0.116246           0.561699             0.115541           0.51302              0.113285           0.526281
     27          0.118152            0.448559            0.118633           0.535649             0.117601           0.494941             0.115302           0.504738
     28          0.119883            0.425415            0.120709           0.504005             0.119666           0.480706             0.117491           0.511559
     29          0.121697            0.393935            0.122833           0.458869             0.121607           0.452614             0.119565           0.49532
     30          0.123165            0.347703            0.124533           0.418285             0.123438           0.432803             0.121619           0.476538
     31          0.124595            0.317923            0.126318           0.40112              0.125213           0.415266             0.123536           0.435726
     32          0.125815            0.304048            0.127876           0.3556               0.126898           0.409853             0.12525            0.418513
     33          0.127129            0.279479            0.129282           0.338105             0.128629           0.390692             0.127024           0.403412
     34          0.128144            0.234453            0.130693           0.322695             0.130154           0.367255             0.128612           0.374833
     35          0.129082            0.1795              0.131971           0.277669             0.131689           0.339758             0.130148           0.353127
     36          0.12964             0.143085            0.133007           0.246847             0.132985           0.322437             0.131555           0.343493
     37          0.130275            0.168148            0.134028           0.259735             0.134376           0.325577             0.13301            0.348581
     38          0.131041            0.183613            0.135172           0.237853             0.135698           0.291368             0.134459           0.313019
     39          0.131805            0.150434            0.13601            0.188604             0.136804           0.276808             0.135619           0.283953
     40          0.132294            0.103543            0.136743           0.162828             0.138005           0.27946              0.136826           0.290177
     41          0.132668            0.105956            0.137367           0.16546              0.139133           0.258404             0.138037           0.266524
     42          0.133177            0.114402            0.138122           0.147801             0.140159           0.249419             0.139047           0.248661
     43          0.133621            0.102282            0.138599           0.114566             0.141212           0.23697              0.140109           0.239243
     44          0.13403             0.0874193           0.139077           0.144017             0.142133           0.19632              0.14104            0.18793
     45          0.13435             0.07497             0.139799           0.115828             0.142848           0.171313             0.141675           0.150528
     46          0.134654            0.0687728           0.140042           0.0530878            0.143561           0.144683             0.142295           0.155562
     47          0.134923            0.0666339           0.140241           0.0607657            0.144053           0.124439             0.142971           0.156591
     48          0.13521             0.0494681           0.140549           0.0676211            0.144598           0.139216             0.1436             0.148147
     49          0.135335            0.0462873           0.140805           0.060327             0.145214           0.124168             0.144206           0.115237
     50          0.135595            0.0461776           0.141051           0.0914228            0.145633           0.0974835            0.14456            0.0945065
     51          0.13572             0.021608            0.141566           0.092739             0.146026           0.0961845            0.144993           0.0899598
     52          0.135775            0.0251728           0.141824           0.0255567            0.146434           0.0805416            0.14531            0.0766986
     53          0.13593             0.0341122           0.141779           0.0185368            0.146697           0.0757784            0.145633           0.0735051
     54          0.13606             0.0290666           0.141979           0.0477132            0.147066           0.0801627            0.145922           0.0771857
     55          0.136172            0.0250083           0.142177          -0.20928              0.147365           0.0688501            0.146276           0.0723684
     56          0.136268            0.0334541           0.140235          -0.280246             0.147639           0.0950478            0.146525           0.0696079
     57          0.136451            0.0293409           0.139842          -0.0350445            0.148157           0.102193             0.146856           0.0694996
     58          0.136513            0.0180433           0.139943           0.0381705            0.148491           0.0669557            0.147104           0.0556971
     59          0.136601            0.0314249           0.14016            0.0449162            0.148715           0.0487147            0.14732            0.0382681
     60          0.136775            0.0337831           0.140317           0.0418998            0.148897           0.0382681            0.147423           0.028471
     61          0.136882            0.0269278           0.140509           0.0276956            0.149034           0.0396754            0.147557           0.0461707
     62          0.136999            0.0121202           0.140548           0.0392125            0.149228           0.0463331            0.147808           0.0437891
     63          0.136983            0.00510037          0.140836           0.0191401            0.14942            0.05862              0.147922           0.0470368
     64          0.137041            0.0178239           0.140707          -0.0123396            0.149716           0.0508257            0.1482             0.0589448
     65          0.137132            0.0251728           0.140733           0.0106395            0.149844           0.0423277            0.148413           0.0292829
     66          0.137251            0.0297796           0.140796          -0.0168367            0.150069           0.049689             0.148444           0.0209473
     67          0.13738             0.0338928           0.140593           0.00608754           0.150258           0.0364278            0.148588           0.0375644
     68          0.137534            0.0272568           0.140847          -0.00608754           0.150372           0.0277133            0.148757           0.0365902
     69          0.137607            0.0270923           0.140542          -0.211309             0.150489           0.0466037            0.148893           0.0234913
     70          0.137759            0.0219919           0.139086          -0.18844              0.150761           0.0546146            0.148953           0.0283087
     71          0.137791            0.0185917           0.138971          -0.0131074            0.150944           0.0447634            0.149129           0.0400002
     72          0.137914            0.026489            0.138976           0.00899421           0.151134           0.0429231            0.149286           0.0346957
     73          0.138011            0.0278601           0.139046          -0.00148075           0.151302           0.0381599            0.149418           0.0325306
     74          0.138147            0.0265439           0.138964          -0.000932326          0.151452           0.0381057            0.149557           0.0321517
     75          0.138232            0.025447            0.139039           0.00263245           0.151619           0.0341003            0.149686           0.015697
     76          0.138359            0.0200724           0.138986           0.0052649            0.151736           0.0300407            0.149688           0.0217592
     77          0.1384              0.0144785           0.139083           0.0230888            0.151869           0.0343709            0.149867           0.0389176
     78          0.138479            0.0145333           0.139178           0.0197982            0.152022           0.0379433            0.150012           0.0300949
     79          0.138521            0.0170561           0.139247           0.00871999           0.152186           0.035237             0.150118           0.020406
     80          0.138621            0.0224307           0.139251           0.00340025           0.152316           0.0369149            0.150182           0.0197565
     81          0.138708            0.0267632           0.139276          -0.00279698           0.152493           0.0372938            0.150283           0.0170501
     82          0.138844            0.0261051           0.139228           0.00871999           0.152627           0.0348581            0.150325           0.0192152
     83          0.138925            0.0154656           0.139349           0.0471099            0.152784           0.0298784            0.150443           0.0226794
     84          0.138973            0.00844578          0.13962            0.0219371            0.152876           0.0296618            0.150514           0.0231665
     85          0.138996            0.0164528           0.139531          -0.0100911            0.153031           0.0282545            0.150636           0.0141814
     86          0.13911             0.0185368           0.139536           0.0242953            0.153111           0.0218134            0.150632           0.00930992
     87          0.13915             0.0187014           0.139734           0.0113524            0.153213           0.0369149            0.150713           0.0274426
     88          0.139266            0.0182078           0.139631          -0.00592301           0.153419           0.0392424            0.15086            0.0205143
     89          0.139302            0.0172206           0.139684           0.0283537            0.15354            0.0213262            0.150884           0.00589989
     90          0.13941             0.0205112           0.139867           0.00828125           0.153597           0.0323141            0.15091            0.020406
     91          0.139473            0.0205112           0.139753           0.00323572           0.153809           0.0393507            0.151054           0.0257647
     92          0.139581            0.0179884           0.139894           0.0260503            0.153924           0.0249528            0.151124           0.0129365
     93          0.139623            0.0228694           0.139971          -0.0108589            0.154017           0.028471             0.151162           0.0162924
     94          0.139771            0.027531            0.139804          -0.0068005            0.154162           0.0287417            0.15126            0.0182951
     95          0.139852            0.0161238           0.139914           0.0199079            0.154256           0.0296077            0.151315           0.00952643
     96          0.139906            0.0182626           0.13997            0.0107492            0.154408           0.0376727            0.151339           0.0230583
     97          0.140004            0.0142043           0.140003           0.00159044           0.15457            0.0341003            0.151507           0.0333966
     98          0.140024            0.0064166           0.139983          -0.000877484          0.154693           0.0260894            0.151618           0.0161841
     99          0.140058            0.0166722           0.139996           0.0110782            0.154788           0.0337755            0.151642           0.0188364
    100          0.140163            0.0300538           0.140075           0.0337831            0.154974           0.0256023            0.151775           0.0165089
    101          0.140308            0.0182626           0.140278           0.0155205            0.155001           0.0207308            0.151779           0.00232748
    102          0.140315            0.0138204           0.140205           0.0239114            0.155147           0.0343709            0.151794           0.0147227
    103          0.140423            0.0246792           0.140477           0.0209499            0.155288           0.0262518            0.151902           0.00941818
    104          0.140521            0.0161786           0.140379          -0.0342767            0.155366           0.0246821            0.151873           0.0117998
    105          0.140558            0.0175497           0.140191          -0.0908744            0.155493           0.0279298            0.152              0.0191611
    106          0.140667            0.0228694           0.139622          -0.0789735            0.155598           0.0345333            0.152032           0.00108255
    107          0.140749            0.0180981           0.139533          -0.00981685           0.155781           0.0403791            0.152009           0.0134777
    108          0.140818            0.0156302           0.13954            0.00921358           0.155935           0.0228959            0.152145           0.0076861
    109          0.140879            0.0125041           0.13961            0.00592301           0.155972           0.024195             0.152073           0.0107172
    110          0.140922            0.0188111           0.139589           0.0224307            0.156136           0.0347498            0.152234           0.0208391
    111          0.141036            0.0233082           0.139797           0.0357026            0.156261           0.0287417            0.152247           0.00497973
    112          0.141116            0.0170561           0.139887           0.0105846            0.156376           0.0313398            0.152275           0.0167795
    113          0.141178            0.019524            0.139885           0.0188111            0.156523           0.0326389            0.152387           0.0205684
    114          0.141279            0.0232533           0.140044           0.0177142            0.156648           0.0261977            0.152447           0.00914754
    115          0.141372            0.0209499           0.140033          -0.00345509           0.156741           0.028471             0.152463           0.00936405
    116          0.141454            0.021608            0.140015           0.0204015            0.156885           0.0325847            0.152525           0.0132612
    117          0.141552            0.0228694           0.140203           0.0345509            0.157012           0.0304196            0.152574           0.0153181
    118          0.141644            0.0229243           0.140303           0.011517             0.157139           0.0303114            0.152652           0.0222464
    119          0.141743            0.0178787           0.140299           0.0133268            0.157265           0.0291206            0.152759           0.00184033
    120          0.141793            0.0110234           0.140414           0.0121751            0.157381           0.0233831            0.152668           0.00844388
    121          0.141835            0.0259954           0.1404            -0.000932326          0.15746            0.0254399            0.152829           0.0264683
    122          0.14201             0.0347703           0.140406           0.00833609           0.157593           0.0339379            0.152888           0.0312857
    123          0.142124            0.0139849           0.14047            0.0161786            0.157743           0.0374021            0.15309            0.0283628
    124          0.142126            0.00405836          0.140541           0.0152463            0.157905           0.0318811            0.153125           0.013586
    125          0.142158            0.0216629           0.140597           0.0115718            0.158008           0.0217051            0.153203           0.0282004
    126          0.142307            0.0241856           0.140637           0.00619723           0.158086           0.0236537            0.15336            0.0364819
    127          0.14236             0.0159592           0.140648           0.00471647           0.158206           0.0339379            0.153507           0.0125576
    128          0.14244             0.0214983           0.140677           0.00844578           0.158369           0.0330719            0.153464           0.00243574
    129          0.142539            0.0224855           0.140719           0.00844578           0.158481           0.027172             0.153528           0.0136401
    130          0.142627            0.0323024           0.140747           0.00943295           0.158595           0.0308526            0.153578           0.019107
    131          0.142808            0.0357026           0.140797           0.0312604            0.158738           0.0196483            0.153687           0.0120704
    132          0.142925            0.0264342           0.141007           0.0465066            0.158759           0.011475             0.153679           0.0114209
    133          0.143028            0.0246244           0.141185           0.0278053            0.158834           0.0283087            0.153782           0.0340462
    134          0.14313             0.0320281           0.141239           0.010804             0.158995           0.0288499            0.153962           0.0306903
    135          0.143295            0.0289021           0.141275           0.0149172            0.159074           0.0309609            0.154038           0.00665768
    136          0.143371            0.0140397           0.141364           0.0224855            0.159253           0.031448             0.154018           0.0310692
    137          0.143412            0.0261051           0.141462          -0.00180981           0.159336           0.0230042            0.154297           0.0423818
    138          0.143588            0.0321927           0.141348          -0.00268729           0.159445           0.0365902            0.154371           0.0212721
    139          0.143681            0.017769            0.14144            0.0190853            0.159641           0.0313398            0.154474           0.00487147
    140          0.143736            0.0229791           0.141507           0.0143688            0.159706           0.0214345            0.154412           0.00497973
    141          0.143872            0.0179336           0.14156            0.0238017            0.15982            0.0253858            0.154515           0.0288499
    142          0.143886            0.0132719           0.141706           0.0222661            0.159917           0.0221923            0.154652           0.021651
    143          0.143983            0.0203466           0.141745           0.0131623            0.160005           0.0221923            0.154696           0.00963469
    144          0.144055            0.02616             0.141816           0.00828125           0.160102           0.0313398            0.154732           0.014019
    145          0.144201            0.0243502           0.141814           0.00202918           0.160266           0.0325847            0.154813           0.0408121
    146          0.144258            0.0162334           0.141832           0.00844578           0.160374           0.0225711            0.155072           0.0311774
    147          0.144336            0.0232533           0.141885           0.0210048            0.160454           0.0308526            0.155072           0.00140731
    148          0.144452            0.0263245           0.142007           0.0296151            0.160631           0.022517             0.155084          -0.000595402
    149          0.144555            0.0112428           0.142131           0.0171658            0.160642           0.0168336            0.155067           0.00167795
    150          0.144546            0.0182078           0.142151           0.0075683            0.160771           0.0288499            0.155098           0.010176
    151          0.144707            0.0274762           0.142194           0.0156302            0.160882           0.0253316            0.155152           0.00920167
    152          0.144775            0.00861031          0.142281           0.0129429            0.160982           0.0234913            0.155175           0.00801086
    153          0.144779            0.0141494           0.142302          -0.0169464            0.161078           0.0201895            0.155219           0.00990532
    154          0.144893            0.0246244           0.14214           -0.0117363            0.16115            0.0270637            0.155257           0.0233831
    155          0.144984            0.0221016           0.142204           0.0180981            0.161303           0.027172             0.155414           0.0348039
    156          0.145077            0.0197434           0.14229           -0.0234727            0.161377           0.0185657            0.155547           0.0105007
    157          0.145149            0.0252825           0.142009          -0.0220468            0.161458           0.0193235            0.155501          -0.00644117
    158          0.145288            0.0217177           0.142107           0.00148075           0.161538           0.0208391            0.155494           0.00654942
    159          0.14533             0.0138752           0.142021          -0.0227597            0.161632           0.029716             0.155556           0.0182409
    160          0.145403            0.0239114           0.141917          -0.0258858            0.161786           0.0277133            0.155646           0.0205143
    161          0.145529            0.0247889           0.141805          -0.00937811           0.161863           0.0180786            0.155727           0.014452
    162          0.14561             0.0200176           0.141839          -0.00839094           0.161936           0.0240326            0.155766           0.0116374
    163          0.145696            0.0183723           0.141736          -0.0212241            0.162063           0.0215969            0.155824          -0.00476322
    164          0.145763            0.0168916           0.141662          -0.0133268            0.162116           0.014019             0.155726          -0.00346416
    165          0.145836            0.0120106           0.141624          -0.0151914            0.16218            0.0146685            0.155795           0.0103925
    166          0.145863            0.0182626           0.141535          -0.00871999           0.162238           0.0166171            0.155813          -0.0173208
    167          0.145989            0.0231985           0.141552          -0.0168916            0.162318           0.0251151            0.155651          -0.00936405
    168          0.146056            0.0117363           0.141395          -0.0415159            0.162448           0.0239785            0.155735           0.0205143
    169          0.146086            0.0113524           0.141206          -0.0332347            0.162518           0.0173208            0.155822          -0.00303114
    170          0.146151            0.0231985           0.141118          -0.030328             0.162592           0.0280921            0.15571            0.0094723
    171          0.14628             0.031041            0.140953          -0.0319733            0.162752           0.0307444            0.155901           0.014019
    172          0.14641             0.0207305           0.140851          -0.0681147            0.162848           0.0196483            0.155827           0.00660355
    173          0.146452            0.01744             0.140385          -0.0497423            0.162916           0.0178079            0.155956           0.0241408
    174          0.146555            0.0208402           0.140437           0.00954263           0.162997           0.0195941            0.156028           0.0082815
    175          0.146626            0.0173851           0.140465          -0.0130526            0.163079           0.0298784            0.156025           0.00389718
    176          0.1467              0.0160141           0.140328          -0.00389383           0.163246           0.0468744            0.15606            0.0284169
    177          0.14676             0.0166722           0.140433           0.0106943            0.16347            0.0487147            0.156261           0.0521247
    178          0.146839            0.0175497           0.140417          -0.0105846            0.163652           0.0333425            0.156495           0.0263059
    179          0.146906            0.0162883           0.140344          -0.00866515           0.163748           0.0300407            0.156481           0.00162382
    180          0.146974            0.0180981           0.140345           0.0327959            0.163902           0.0258729            0.156508           0.00346416
    181          0.147057            0.0213338           0.140618           0.0457388            0.163963           0.00265224           0.15651           -0.00292288
    182          0.147152            0.0283537           0.140726           0.0128332            0.163924          -0.0126117            0.156484          -0.0111503
    183          0.147293            0.0203466           0.140725           0.00773282           0.163858           0.00281463           0.156417           0.000487147
    184          0.147322            0.0151366           0.14079           -0.0151914            0.163948           0.016996             0.156488           0.00416781
    185          0.147419            0.0253373           0.140598           0.0114073            0.164              0.0210014            0.156451          -0.00124493
    186          0.147533            0.0183723           0.140885           0.0233082            0.164123           0.0247904            0.156477           0.0184033
    187          0.147572            0.00899421          0.140792          -0.0198531            0.164206           0.0260894            0.156605           0.0171584
    188          0.147608            0.0148624           0.14072           -0.0204015            0.16434            0.0219216            0.15662            0.0043302
    189          0.147696            0.0203466           0.140622          -0.00241308           0.164389           0.0171043            0.156641           0.0187822
    190          0.147777            0.0163431           0.1407             0.0133268            0.164482           0.0257105            0.156777           0.0302572
    191          0.147832            0.0132171           0.140733          -0.00180981           0.164603           0.0293371            0.156893           0.00682006
    192          0.147888            0.0194692           0.140685           0.015356             0.164727           0.0209473            0.156834           0.00373479
    193          0.147994            0.0196885           0.140861           0.009762             0.164778           0.0214345            0.156924           0.0315022
    194          0.148052            0.0163431           0.140766          -0.0236372            0.164906           0.0218134            0.157096           0.0253316
    195          0.148131            0.0190853           0.140664          -0.0140946            0.16496            0.0107172            0.157135          -0.000378892
    196          0.148211            0.0243502           0.140649           0.0248438            0.164995           0.0186198            0.157093           0.000595402
    197          0.148334            0.0143688           0.140871           0.0270375            0.165115           0.0235454            0.15714            0.0315022
    198          0.14833             0.0140946           0.140874          -0.000658113          0.165191           0.0212721            0.157356           0.0343168
    199          0.148451            0.0232533           0.140866           0.00537459           0.165292           0.0300407            0.157426          -0.00622466
    200          0.148524            0.0200176           0.140919          -0.00658113           0.165441           0.0321517            0.157304           0.00871452
    201          0.148618            0.0210048           0.140811           0.00285182           0.16556            0.0207849            0.157499           0.0238161
    202          0.148699            0.0168367           0.140943           0.00981685           0.165615           0.0192152            0.157502           0.0129906
    203          0.148758            0.0138752           0.140893          -0.0138204            0.16572            0.0243574            0.157607          -0.00021651
    204          0.148815            0.0157947           0.140827          -0.0143688            0.165818           0.0284169            0.1575            -0.00254399
    205          0.14889             0.0204015           0.140773          -0.0176594            0.165957           0.0306361            0.157586           0.0293371
    206          0.148985            0.018482            0.14068           -0.00345509           0.166073           0.0239785            0.157745           0.025494
    207          0.149044            0.0155753           0.140744           0.0219919            0.166157           0.0178079            0.157798           0.0120704
    208          0.149115            0.0170561           0.140864          -0.00559396           0.166221           0.0231124            0.157846           0.0043302
    209          0.149186            0.0193595           0.140698           0.000438742          0.166349           0.0270096            0.157834           0.0199189
    210          0.149276            0.0188111           0.140867           0.00685534           0.166446           0.0191611            0.158012           0.00963469
    211          0.149343            0.0173303           0.140755          -0.009762             0.166509           0.0277133            0.157915          -0.00514211
    212          0.14942             0.0185368           0.140786           0.00504553           0.166677           0.0329636            0.157969           0.010176
    213          0.149497            0.0172206           0.140797          -0.00992653           0.166784           0.0218134            0.157999           0.0186198
    214          0.149564            0.0209499           0.140703           0.00515522           0.166859           0.019973             0.158124           0.0109337
    215          0.149672            0.021608            0.14084            0.0225952            0.16695            0.016996             0.15809           -0.00357241
    216          0.149744            0.0145333           0.140891           0.0217726            0.167001           0.0289041            0.158094           0.0129906
    217          0.149793            0.0143688           0.141021           0.00444226           0.167191           0.0336131            0.158199           0.020406
    218          0.149864            0.0137655           0.140928          -0.00658113           0.167281           0.0136401            0.158264          -0.010176
    219          0.149908            0.0163431           0.140966          -0.00729408           0.167305           0.0159676            0.158114          -0.0500138
    220          0.15                0.0243502           0.140868          -0.0222661            0.167414           0.0334508            0.157847          -0.0384846
    221          0.15011             0.0218822           0.140781          -0.0100362            0.167584           0.0310692            0.157793          -0.0502303
    222          0.150182            0.0201821           0.140784           0.0145333            0.167673           0.0214886            0.157429          -0.13088
    223          0.150279            0.0207854           0.140902           0.00751345           0.167763           0.0247362            0.156703          -0.091746
    224          0.150355            0.015356            0.140847           0.00159044           0.167879           0.0238702            0.156664           0.00525036
    225          0.150407            0.0155205           0.140915           0.0056488            0.167962           0.0189987            0.156746           0.0206767
    226          0.150485            0.0206757           0.140894           0.00170012           0.168037           0.0269555            0.156837           0.0206226
    227          0.150579            0.0196337           0.140929           0.00263245           0.168186           0.0346957            0.156918          -0.00330177
    228          0.150648            0.0120106           0.140916           0.00296151           0.168326           0.0203519            0.156809          -0.0043302
    229          0.150679            0.0177142           0.140954          -0.0207305            0.168356           0.01954              0.156882           0.0191611
    230          0.150796            0.0278053           0.140743          -0.0140397            0.168489           0.0315563            0.156969           0.010176
    231          0.150911            0.0221016           0.140837           0.010475             0.168619           0.0181327            0.156967           0.00173208
    232          0.15098             0.0133268           0.14083            0.00499069           0.16864            0.0196483            0.156983           0.0166171
    233          0.151022            0.0160141           0.140879           0.0217726            0.168782           0.0329095            0.157105           0.0262518
    234          0.151114            0.0181529           0.141012           0.0149721            0.168915           0.0159135            0.157202           0.0152098
    235          0.151173            0.0173303           0.141003           0.015356             0.168915           0.0115833            0.157232           0.014019
    236          0.151258            0.0150269           0.14114            0.00696503           0.169011           0.025494             0.157319           0.0283087
    237          0.151298            0.0160141           0.141061          -0.00537459           0.169128           0.0226794            0.157468           0.0191611
    238          0.151392            0.0225952           0.141095           0.0107492            0.1692             0.0188905            0.157478           0.0011908
    239          0.151487            0.020566            0.141151           0.0122848            0.169285           0.0189987            0.157478           0.00259812
    240          0.151563            0.0166722           0.141197           0.00817157           0.169358           0.0236537            0.1575             0.0189446
    241          0.151626            0.0132719           0.141219          -0.012888             0.169482           0.0204602            0.157636           0.0278756
    242          0.151673            0.0157399           0.14109           -0.0204015            0.169529           0.0171584            0.157732           0.011475
    243          0.151757            0.0241856           0.141049          -0.0142591            0.169625           0.0286334            0.157731          -0.00427607
    244          0.151875            0.0176045           0.140971          -0.0019195            0.169768           0.0255482            0.157697           0.00849801
    245          0.151903            0.0179336           0.141033           0.00285182           0.169838           0.0159676            0.157802           0.0128282
    246          0.152024            0.0218274           0.140995           0.0132719            0.169901           0.0251693            0.157804           0.0082815
    247          0.152085            0.0221565           0.141144           0.00871999           0.170048           0.0164006            0.157871           0.00346416
    248          0.152209            0.0259954           0.141067          -0.00235824           0.170037           0.0237078            0.157832           0.0121245
    249          0.152302            0.0192498           0.141124           0.00608754           0.170245           0.0403249            0.157972           0.0303114
    250          0.15237             0.0160689           0.141118           0.00471647           0.170373           0.0189446            0.158085           0.0187822
    251          0.152436            0.0173303           0.141163           0.00252277           0.170403           0.0187822            0.158129           0.00378892
    252          0.152514            0.0157399           0.141139           0.00734892           0.17053            0.0231665            0.158117           0.00963469
    253          0.152567            0.0213887           0.141225           0.0157947            0.170596           0.0189987            0.158209           0.0239243
    254          0.152692            0.0215532           0.141271           0.0168367            0.170688           0.0247904            0.158316           0.017429
    255          0.152747            0.0165077           0.141365          -0.00904905           0.170803           0.0246821            0.158354           0.0157511
    256          0.15283             0.024405            0.141195          -0.000329056          0.170894           0.0263059            0.158447           0.0102842
    257          0.15295             0.0236921           0.141362           0.0015356            0.171022           0.0278215            0.15844            0.011042
    258          0.153027            0.0170012           0.141208          -0.0103104            0.171126           0.0226253            0.158539           0.000324765
    259          0.153092            0.0170561           0.141276           0.000712955          0.171211           0.0224088            0.158443           0.0211638
    260          0.153169            0.0212241           0.141214          -0.000987169          0.171312           0.0276591            0.158716           0.0307985
    261          0.153268            0.0206209           0.141268           0.035922             0.171441           0.0234372            0.158699           0.00189446
    262          0.153341            0.0230888           0.141513           0.0165077            0.171508           0.0238161            0.158731           0.0101218
    263          0.153461            0.0230888           0.141406          -0.00307119           0.171639           0.0227877            0.158784           0.0015697
    264          0.153534            0.0207854           0.141488           0.0133268            0.171698           0.0251693            0.158745           0.0103383
    265          0.153634            0.0200176           0.141517           0.0106395            0.171849           0.0321517            0.15887            0.0187822
    266          0.1537              0.0127784           0.141576          -0.00674565           0.171966           0.031015             0.158901           0.0202978
    267          0.153741            0.0142591           0.14146            0.00274214           0.172108           0.0268472            0.159039           0.0215427
    268          0.153819            0.0197982           0.141599           0.00773282           0.172189           0.013153             0.159081          -0.00173208
    269          0.153906            0.0253373           0.141525           0.00811672           0.172217           0.0210014            0.159025          -0.00173208
    270          0.15403             0.0241308           0.141667           0.021608             0.172364           0.0321517            0.159066           0.0171584
    271          0.154107            0.0168916           0.141705          -0.0180981            0.172485           0.0240326            0.159168           0.0198106
    272          0.154171            0.0132171           0.141516          -0.00230339           0.172565           0.0275509            0.159231           0.0287958
    273          0.154217            0.0206757           0.141686           0.0260503            0.172715           0.0253858            0.159408           0.0366984
    274          0.154343            0.0285182           0.141733           0.00828125           0.172776           0.0213262            0.159537           0.0212721
    275          0.154454            0.0221016           0.141755          -0.0139849            0.172893           0.0246821            0.159585          -0.00357241
    276          0.154528            0.0260503           0.141617           0.0129429            0.172982           0.0206226            0.159507           0.00811912
    277          0.154672            0.0246792           0.141863           0.00800704           0.173064           0.0325306            0.159653           0.0369149
    278          0.154733            0.0172755           0.141683          -0.000767798          0.173253           0.0300949            0.159815           0.0343168
    279          0.154816            0.0215532           0.141856           0.0323572            0.173315           0.00952643           0.159938           0.00903928
    280          0.154913            0.0150817           0.141953           0.00340025           0.173332           0.0198648            0.15989            0.00232748
    281          0.154941            0.0199628           0.141885           0.00850062           0.173481           0.0344792            0.159958           0.0201895
    282          0.155079            0.0259954           0.142024           0.021608             0.17362            0.0272261            0.160058           0.0285793
    283          0.155158            0.0201821           0.142065          -0.0188659            0.173708           0.0260894            0.160196           0.0132612
    284          0.155247            0.0199079           0.141867          -0.00372931           0.173837           0.0222464            0.160169           0.0121787
    285          0.155324            0.0238566           0.142034           0.0423934            0.173893           0.0210556            0.160298           0.0194318
    286          0.155446            0.0214983           0.14222            0.0176594            0.174013           0.025927             0.160331           0.0027605
    287          0.155503            0.0180433           0.142181          -0.00504553           0.174109           0.0225711            0.160321           0.00449258
    288          0.155597            0.0214435           0.142178           0.00855546           0.174201           0.0266307            0.160368           0.0134236
    289          0.155682            0.0189756           0.142252           0.0154108            0.174331           0.0303655            0.160432           0.00866039
    290          0.155755            0.0206757           0.142306           0.0116267            0.174454           0.0267931            0.160441           0.0113668
    291          0.155854            0.0255567           0.142349           0.0126687            0.174554           0.0285252            0.160527           0.0198648
    292          0.155968            0.0307668           0.142412           0.0154108            0.174691           0.0280921            0.160606           0.0261436
    293          0.15611             0.0225952           0.142477          -0.0339476            0.174788           0.021651             0.160745           0.0185116
    294          0.156156            0.019195            0.142129          -0.000274214          0.174872           0.0268472            0.16076            0.0206226
    295          0.15627             0.0260503           0.142475           0.0465066            0.175012           0.0255482            0.160917           0.0220299
    296          0.156373            0.0230888           0.142517          -0.00263245           0.175085           0.0179162            0.160944          -0.0115291
    297          0.156463            0.0237469           0.142453          -0.00828125           0.175161           0.0227877            0.160821           0.000811912
    298          0.156571            0.0227597           0.142448           0.00915873           0.175275           0.0206767            0.160951           0.0406497
    299          0.156652            0.0153011           0.142529           0.00937811           0.175334           0.0224088            0.16116            0.0187281
    300          0.156698            0.0142591           0.142526          -0.00438742           0.175461           0.0235996            0.161107           0.0100677
    301          0.156771            0.0213338           0.142493           0.0145882            0.17553            0.0195941            0.161243           0.0176455
    302          0.156876            0.0255567           0.142647           0.0210596            0.175625           0.0201895            0.161254           0.0302572
    303          0.156984            0.0206209           0.142668           0.000712955          0.175699           0.0221923            0.161496           0.0273885
    304          0.157048            0.0201821           0.142653          -0.00822641           0.17581            0.0206767            0.161482           0.00627878
    305          0.157152            0.0237469           0.1426            -0.00570364           0.175871           0.0230583            0.161548           0.0260894
    306          0.157246            0.0199079           0.142606           0.00954263           0.176002           0.0328554            0.161699           0.00811912
    307          0.157318            0.020566            0.142679           0.0120106            0.176145           0.0309609            0.161616           0.00514211
    308          0.157417            0.0270923           0.142706           0.0231436            0.17626            0.0223005            0.161742           0.0172125
    309          0.157544            0.0211693           0.142872           0.027531             0.176331           0.0194859            0.161759           0.00806499
    310          0.157594            0.0168367           0.142935           0.0301087            0.176422           0.0275509            0.161809           0.0151016
    311          0.157684            0.0155753           0.143123           0.00235824           0.17656            0.0226253            0.161885          -0.0117998
    312          0.157724            0.00460679          0.142955          -0.0133268            0.176611           0.0153181            0.161711          -0.0246821
    313          0.157723            0.0120106           0.143012           0.00619723           0.176688           0.0228418            0.161679           0.00113668
    314          0.157824            0.0166173           0.143007           0.00263245           0.176801           0.0283087            0.161721          -0.0105007
    315          0.157861            0.013601            0.143034          -0.0133816            0.176924           0.0266848            0.161592          -0.104358
    316          0.157937            0.0170012           0.142895           0.00378415           0.177023           0.0221923            0.160851          -0.169202
    317          0.158003            0.0229791           0.143065           0.0301635            0.177109           0.0173208            0.160182          -0.0843847
    318          0.158128            0.0222661           0.143146           0.00515522           0.177168           0.0232207            0.160148           0.00914754
    319          0.158188            0.020566            0.143108           0.0056488            0.177302           0.0278756            0.160258           0.00384305
    320          0.1583              0.0203466           0.143193           0.00170012           0.1774             0.0264142            0.16018            0.00546687
    321          0.158358            0.0199628           0.143123          -0.00296151           0.177522           0.0267931            0.160303           0.022084
    322          0.158466            0.0233082           0.143169           0.0197434            0.177623           0.0222464            0.160364           0.0137484
    323          0.158552            0.018482            0.143287           0.00120654           0.177708           0.0243032            0.160418           0.00281463
    324          0.15862             0.0196885           0.143179           0.0119557            0.177826           0.0235454            0.160387           0.000974294
    325          0.158716            0.022321            0.143387           0.0106943            0.177904           0.0234913            0.160426           0.00503385
    326          0.158806            0.0222661           0.143268           0.0135462            0.178022           0.0253858            0.160429           0.0094723
    327          0.158902            0.0230339           0.1435             0.0330153            0.178115           0.0232748            0.160505           0.0151016
    328          0.158998            0.0204015           0.143543           0.0148075            0.178216           0.0211097            0.160555           0.00416781
    329          0.159072            0.0103653           0.143623           0.0244599            0.178291           0.0285252            0.16054            0.0158593
    330          0.159085            0.010475            0.143747           0.0168916            0.178453           0.0252775            0.160687           0.0270096
    331          0.159159            0.0149172           0.143764           0.00888452           0.178502           0.0234913            0.160765          -0.00562925
    332          0.159209            0.018482            0.143821          -0.000987169          0.178649           0.0252234            0.16064            0.0061164
    333          0.159313            0.0218822           0.143756           0.0208951            0.178712           0.0193235            0.160816           0.0293371
    334          0.159391            0.0186465           0.143995           0.0443678            0.17881            0.024628             0.160885           0.00346416
    335          0.159468            0.0216629           0.144125           0.0210596            0.178917           0.028471             0.160845           0.00405956
    336          0.159572            0.0192498           0.144171           0.00159044           0.179047           0.028038             0.160919           0.0152098
    337          0.159629            0.0195789           0.144139           0.0156302            0.179151           0.0259812            0.160971           0.0125576
    338          0.159735            0.0189207           0.144301           0.0255567            0.179264           0.0234913            0.161023           0.0212721
    339          0.159787            0.0168916           0.144352           0.0224855            0.179347           0.0183492            0.161149           0.000108255
    340          0.159876            0.0253373           0.144488           0.0511134            0.179417           0.0245197            0.161024          -0.0043302
    341          0.159998            0.0216629           0.144777           0.00965232           0.179551           0.0275509            0.161113           0.013153
    342          0.160056            0.0206757           0.144569           0.0178239            0.179646           0.0248986            0.161134           0.010176
    343          0.16017             0.0238017           0.144926           0.0551718            0.179759           0.0245739            0.161197           0.0178621
    344          0.160255            0.0187562           0.145028           0.0223758            0.179851           0.0205143            0.161283           0.0143979
    345          0.160326            0.0193046           0.145112           0.0151914            0.17993            0.0236537            0.161317           0.0136401
    346          0.160415            0.018482            0.145155           0.0478229            0.180048           0.0271179            0.161396           0.00779435
    347          0.16048             0.0191401           0.145511           0.0347154            0.180156           0.0246821            0.161382          -0.00243574
    348          0.160575            0.0238566           0.145444          -0.0052649            0.180254           0.0234913            0.161376           0.0211638
    349          0.160679            0.0199079           0.145467           0.0232533            0.180351           0.0189446            0.161559           0.013153
    350          0.160741            0.0178787           0.145638           0.0166173            0.180412           0.0220299            0.161486          -0.00129906
    351          0.160828            0.0182078           0.145606           0.00109685           0.180535           0.0235996            0.161548           0.0101218
    352          0.160893            0.0206757           0.145647           0.0179884            0.180608           0.0257105            0.16157            0.00741546
    353          0.161               0.0252825           0.145756           0.0120654            0.180749           0.0261977            0.16161            0.0210556
    354          0.161103            0.02265             0.145748          -0.00290666           0.180827           0.0212721            0.161745           0.0192694
    355          0.161189            0.0209499           0.145731          -0.0170012            0.180926           0.025494             0.16177           -0.00281463
    356          0.161278            0.0224307           0.145606          -0.0373479            0.181039           0.0232207            0.161722          -0.00422194
    357          0.161376            0.0178239           0.14542           -0.0203466            0.18112            0.021218             0.161735          -0.00627878
    358          0.161426            0.0185917           0.145436           0.0178239            0.181216           0.0218134            0.16167           -0.00443845
    359          0.161531            0.0214983           0.145569           0.0255567            0.181302           0.0290123            0.161698           0.0103383
    360          0.161606            0.020566            0.145649          -0.0150269            0.181458           0.0303655            0.161756           0.0260894
    361          0.161702            0.0221016           0.145443          -0.00948779           0.181555           0.0252775            0.161915           0.00389718
    362          0.16179             0.0171658           0.14557           -0.0159592            0.181668           0.0289582            0.161788          -0.00286875
    363          0.161845            0.0214435           0.14531           -0.0243502            0.181796           0.0217592            0.161892           0.00113668
    364          0.161968            0.0214983           0.145367           0.0277504            0.18185            0.0265224            0.161798           0.00487147
    365          0.162025            0.023363            0.145542           0.016727             0.182017           0.0260353            0.161932           0.00600815
    366          0.162163            0.0252277           0.145507           0.0234178            0.182067           0.0198648            0.161848           0.000541274
    367          0.162235            0.0149172           0.145737           0.0409675            0.182183           0.0283087            0.161937           0.0244115
    368          0.162287            0.0159044           0.145848           0.00515522           0.182303           0.0277133            0.162051           0.0238161
    369          0.162367            0.0227049           0.14578            0.00548427           0.182414           0.0256564            0.162135           0.0122328
    370          0.162477            0.0196337           0.145894           0.0144785            0.182516           0.0234913            0.162153           0.0231124
    371          0.162531            0.0197434           0.1459            -0.0162883            0.182609           0.0234913            0.162328           0.0172667
    372          0.162641            0.0293409           0.145758          -0.0710762            0.182712           0.0199189            0.162297           0.0011908
    373          0.162775            0.0234727           0.145308          -0.26692              0.182775           0.0172667            0.162338           0.0248986
    374          0.162837            0.0171658           0.143534          -0.203192             0.182856           0.0238161            0.162505           0.019973
    375          0.162919            0.0183175           0.143615           0.0103653            0.182974           0.0285793            0.162504           0.0159676
    376          0.162989            0.0200724           0.14362           -0.00186465           0.183094           0.0256023            0.162638           0.0195941
    377          0.163086            0.0225404           0.143599           0.0144785            0.183187           0.0212721            0.162667           0.00876865
    378          0.163177            0.0219919           0.143741           0.00460679           0.183271           0.0248445            0.162711           0.0098512
    379          0.163269            0.0144236           0.143638          -0.00142591           0.183394           0.018674             0.16275           -0.018674
    380          0.163297            0.0151366           0.143729           0.00740377           0.183427           0.014885             0.162555           0.00151557
    381          0.163395            0.021608            0.143699          -0.00592301           0.183518          -0.00140731           0.162762          -0.0197565
    382          0.163477            0.0224855           0.14368            0.012559             0.183415           0.010176             0.16239            0.0195941
    383          0.163583            0.0212241           0.143804           0.011846             0.183603          -0.000920167          0.162925           0.0124493
    384          0.163654            0.0202918           0.143778          -0.0142591            0.183408           0.0201895            0.162494           0.00844388
    385          0.163752            0.019195            0.143685          -0.0151366            0.183771           0.0775646            0.162996           0.0634374
    386          0.163814            0.0198531           0.143652           0.00811672           0.184054           0.0209473            0.163023          -0.000108255
    387          0.163917            0.0210596           0.143753          -0.00608754           0.183946           0.00232748           0.162995           0.00595402
    388          0.16399             0.0229791           0.143602          -0.00877484           0.184073           0.0241408            0.163072           0.0182409
    389          0.164109            0.0246244           0.14368            0.00175497           0.184147           0.0215427            0.163147           0.0270637
    390          0.164195            0.0197434           0.143616           0.000877484          0.184253           0.0269013            0.163298           0.0305279
    391          0.164273            0.0188659           0.143687           0.0252825            0.184371           0.0218134            0.163401           0.00357241
    392          0.164352            0.0190304           0.143827           0.0248986            0.184435           0.0214886            0.163328           0.019973
    393          0.164432            0.0196337           0.143895           0.0019195            0.18455            0.0276591            0.163568           0.0290123
    394          0.164516            0.0235275           0.143843           0.000329056          0.184665           0.0212721            0.16357            0.0254399
    395          0.164628            0.0209499           0.143897          -0.013601             0.184728           0.0154804            0.16378            0.0115291
    396          0.16469             0.0165077           0.14373           -0.0150269            0.184794           0.0214345            0.163666           0.00898516
    397          0.164765            0.0214435           0.143772          -0.00186465           0.184906           0.0289041            0.163855           0.0350746
    398          0.164869            0.0231985           0.143714           0.00499069           0.185035           0.0243574            0.163958           0.038214
    399          0.164959            0.025447            0.143814           0.0274214            0.185109           0.0208391            0.164173           0.0330719
    400          0.165081            0.0252825           0.143942           0.0170012            0.185209           0.0289582            0.164234           0.0175373
    401          0.165169            0.0204015           0.143955          -0.00817157           0.18535            0.0289582            0.164319           0.0240326
    402          0.165251            0.0182626           0.143874          -0.0149721            0.18545            0.0232207            0.164434           0.0431937
    403          0.165322            0.0174948           0.143831          -0.0019195            0.185544           0.0155346            0.164679           0.0221381
    404          0.165397            0.0191401           0.143858           0.000822641          0.18558            0.0215969            0.164618           0.000270637
    405          0.165481            0.0236921           0.143837          -0.00734892           0.185724           0.0276591            0.164681           0.0067118
    406          0.165594            0.0235824           0.143797           0.0219371            0.18581            0.0161841            0.164674          -0.0039513
    407          0.165678            0.0189207           0.14402            0.0308765            0.185859           0.0209473            0.164648           0.0224629
    408          0.165752            0.0173303           0.144054           0.0105298            0.185985           0.027605             0.164861           0.0428689
    409          0.165822            0.0192498           0.144108           0.0015356            0.186089           0.0211097            0.165006           0.00562925
    410          0.165912            0.0259406           0.144067           0.0056488            0.186161           0.0233831            0.164908          -0.00817324
    411          0.166038            0.0222113           0.144155          -0.00235824           0.186284           0.0244115            0.164938          -0.005521
    412          0.166098            0.0216629           0.144048          -0.0102007            0.186364           0.0210014            0.164862           0.0130988
    413          0.166219            0.0214983           0.14407            0.0197982            0.186459           0.0206767            0.165047           0.00941818
    414          0.166277            0.0150269           0.144213           0.0196885            0.186536           0.0202978            0.164941           0.0109337
    415          0.166344            0.0213338           0.144234           0.0180981            0.186628           0.0241408            0.165138           0.0300949
    416          0.166455            0.0222661           0.144363           0.00954263           0.186737           0.0224629            0.165192           0.0147227
    417          0.166529            0.0202918           0.144314          -0.00844578           0.186815           0.018674             0.165261           0.0306361
    418          0.166624            0.0263245           0.144293           0.000329056          0.186893           0.0245739            0.165447           0.0102842
    419          0.166749            0.0237469           0.144316          -0.00531974           0.18702            0.0235454            0.165346          -0.0155887
    420          0.166822            0.0153011           0.144249           0.00444226           0.187089           0.0202437            0.165317           0.0331801
    421          0.166876            0.0173303           0.144353          -0.00307119           0.187188           0.0201895            0.165623           0.0149392
    422          0.166966            0.0237469           0.144223           0.0206209            0.187258           0.0223005            0.165441          -0.0239785
    423          0.167074            0.0241308           0.144525           0.0129977            0.187374           0.0233831            0.165423          -0.00167795
    424          0.167167            0.0181529           0.144331          -0.0278601            0.187452           0.0187281            0.165427           0.00422194
    425          0.167226            0.0132719           0.144293           0.00510037           0.18753            0.0155346            0.165458           0.00654942
    426          0.167278            0.016727            0.144374           0.0184272            0.187582           0.0153181            0.165482           0.0121787
    427          0.167365            0.0194143           0.144447           0.015685             0.187658           0.0210556            0.16556            0.00129906
    428          0.167439            0.0241856           0.144505           0.009762             0.187757           0.021651             0.165493           0.0348039
    429          0.167566            0.0231985           0.144528           0.0197982            0.187838           0.0213262            0.16585            0.0342627
    430          0.167633            0.0179884           0.14467            0.0307119            0.187935           0.0192694            0.165778           0.00573751
    431          0.167716            0.018482            0.144784          -0.0131074            0.187999           0.014019             0.165897           0.00167795
    432          0.167787            0.0190304           0.14456           -0.0287924            0.188052           0.0117457            0.165792          -0.0242491
    433          0.167875            0.0161238           0.144544           0.00482616           0.188097           0.0142896            0.165695           0.000324765
    434          0.167921            0.0147527           0.144601           0.00586817           0.188171           0.0179703            0.165795          -0.0033559
    435          0.167998            0.0239663           0.144593           0.00252277           0.188247           0.0227335            0.165667           0.0134777
    436          0.168121            0.0213338           0.144622           0.00745861           0.18836            0.0252775            0.165907           0.0128282
    437          0.168176            0.0186465           0.144655          -0.0101459            0.188457           0.0163465            0.165774          -0.0263059
    438          0.168276            0.0246244           0.144537           0.00844578           0.188497           0.0163465            0.165688          -0.0333966
    439          0.168381            0.0250083           0.144725           0.0241308            0.188594           0.0176997            0.165496          -0.0545063
    440          0.168485            0.0231436           0.144738           0.0179336            0.188644           0.013153             0.165234          -0.11107
    441          0.168574            0.0184272           0.144875           0.00762314           0.188703           0.0168878            0.16457           -0.0805958
    442          0.168638            0.0131623           0.144802          -0.0145882            0.188785           0.0200272            0.164562           0.00351828
    443          0.168683            0.0110234           0.144753          -0.00712955           0.18887            0.0154804            0.1646            -0.0122869
    444          0.16873             0.0241856           0.144742           0.0155753            0.188914           0.0172125            0.16446           -0.0015697
    445          0.168885            0.0249534           0.144883           0.0269826            0.189013           0.0223546            0.164587           0.0027605
    446          0.168938            0.0131623           0.144967          -0.00521006           0.1891             0.0195941            0.164483           0.00373479
    447          0.168995            0.0172206           0.14484           -0.0011517            0.189177           0.0171584            0.164618          -0.00487147
    448          0.169081            0.021279            0.144958           0.0139849            0.189243           0.0165089            0.164442          -0.0269013
    449          0.169172            0.025118            0.144956          -0.00213887           0.189314           0.0162924            0.164394          -0.0011908
    450          0.169291            0.0229791           0.14494            0.00537459           0.189379           0.0170501            0.164432           0.0336673
    451          0.169363            0.0174948           0.145001           0.00241308           0.189456           0.0215427            0.164674          -0.00102842
    452          0.169437            0.021608            0.14496            0.0175497            0.189558           0.0211638            0.164424          -0.0150474
    453          0.169544            0.0193595           0.145147           0.011846             0.189633           0.0174832            0.164549          -0.00855214
    454          0.169598            0.0174948           0.145059          -0.0196885            0.189704           0.0217592            0.164353          -0.00368067
    455          0.169689            0.0210596           0.144983          -0.0148624            0.189814           0.0191611            0.164518           0.0199189
    456          0.169773            0.0215532           0.144935           0.0139301            0.189864           0.0142355            0.164519          -0.00351828
    457          0.169869            0.0187562           0.145099           0.0201273            0.189933           0.0167795            0.164489           0.0152098
    458          0.16993             0.0178239           0.145102           0.00499069           0.190004           0.021651             0.164645           0.00232748
    459          0.170017            0.0203466           0.145141           0.00625207           0.190113           0.0275509            0.164508          -0.0208391
    460          0.170099            0.0214983           0.145155           0.0255567            0.190233           0.0187281            0.164472           0.0155887
    461          0.170197            0.0224307           0.145354           0.00608754           0.190269           0.0147227            0.164638           0.0342085
    462          0.170286            0.015685            0.145205          -0.00537459           0.190356           0.0180786            0.164757           0.0126658
    463          0.170327            0.0185917           0.145309           0.0341122            0.19042            0.0183492            0.164744           0.00373479
    464          0.170441            0.0215532           0.14549            0.0201821            0.190509           0.0218675            0.164788           0.0137484
    465          0.170507            0.0180433           0.145477          -0.000329056          0.190602           0.0192694            0.164858           0.0107714
    466          0.170591            0.0227049           0.145487           0.0120106            0.190669           0.0186198            0.164878          -0.00108255
    467          0.170696            0.0193595           0.145577          -0.000109685          0.190757           0.0172125            0.164849          -0.0136942
    468          0.170753            0.0180433           0.145486           0.0262148            0.190813           0.0125034            0.164763          -0.0170501
    469          0.170847            0.0248438           0.145796           0.0365801            0.190861          -0.00968881           0.164707          -0.0267931
    470          0.17096             0.0163431           0.145791           0.00619723           0.190732           0.0251693            0.16454            0.0269013
    471          0.170983            0.0115718           0.145847           0.0127784            0.191071           0.0449799            0.164931           0.0416781
    472          0.171056            0.0197982           0.145897           0.00274214           0.191107           0.0113126            0.164888           0.0250069
    473          0.171148            0.0204563           0.14587           -0.0171658            0.191166           0.014885             0.16514            0.0233831
    474          0.171227            0.0200724           0.145754           0.00987169           0.191231           0.0217051            0.165082           0.0278215
    475          0.171315            0.0157947           0.145952           0.0193046            0.191346           0.0221923            0.165372           0.00725308
    476          0.171358            0.0180433           0.145915          -0.027202             0.191416           0.0182409            0.165143           0.000703657
    477          0.171465            0.0176045           0.145726           0.00307119           0.191498           0.0198106            0.165377           0.0304196
    478          0.171505            0.0170561           0.145941           0.0181529            0.191581           0.0208391            0.165396          -0.0234913
    479          0.171607            0.0204563           0.145877           0.0177142            0.191672           0.0184575            0.165182          -0.0200813
    480          0.171676            0.02265             0.146088           0.0235824            0.191735           0.01613              0.165229           0.0197024
    481          0.171796            0.0179884           0.146074          -0.0418998            0.191806           0.0204602            0.165346           0.0117457
    482          0.171825            0.011517            0.145739           0.00367446           0.191905           0.0235454            0.165327          -0.00898516
    483          0.171892            0.0151914           0.146104           0.0421741            0.192003           0.017429             0.165271          -0.00920167
    484          0.171952            0.0178787           0.14609           -0.00521006           0.19205            0.0015697            0.16525            0.0011908
    485          0.172041            0.0222113           0.146061          -0.00817157           0.192016           0.0221923            0.165281           0.000270637
    486          0.172137            0.0186465           0.146022           0.00822641           0.192235           0.0316646            0.165252          -0.00665768
    487          0.172197            0.0183723           0.146129           0.0250631            0.19228            0.0153181            0.165225           0.0105007
    488          0.17229             0.019195            0.146231           0.0262148            0.192363           0.0166171            0.16534            0.0115833
    489          0.172357            0.0208402           0.146348           0.0231436            0.192418           0.0118539            0.165322          -0.0417864
    490          0.172464            0.0193595           0.146424          -0.00542943           0.192462           0.0185116            0.164992          -0.0545063
    491          0.172518            0.0175497           0.146303          -0.0114621            0.192572           0.0199189            0.164868          -0.0458459
    492          0.17261             0.0211693           0.146329           0.0349348            0.192628           0.0214345            0.16461           -0.0126117
    493          0.172694            0.0196337           0.146594           0.0222661            0.192751           0.0206767            0.164763           0.0528284
    494          0.172774            0.0210596           0.146514          -0.00647144           0.1928             0.013153             0.16505            0.0485523
    495          0.17287             0.0216629           0.14654           -0.00888452           0.192861           0.0129906            0.165167           0.0128823
    496          0.172954            0.0214435           0.14644           -0.0041132            0.192908           0.0126117            0.165157           0.0141814
    497          0.173048            0.0168916           0.146505           0.0222113            0.192966           0.0180786            0.165285           0.0227877
    498          0.173095            0.0123396           0.146625           0.0302183            0.193059           0.0149933            0.165347           0.00481734
    499          0.173151            0.0150817           0.146757          -0.00658113           0.193091           0.00995945           0.165326          -0.0180786
    500          0.173221            0.0166722           0.14657           -0.0448613            0.193142           0.0171043            0.165197          -0.0295536
    501        nan                 nan                 nan                nan                    0.193233           0.0181868            0.165079          -0.00184033
    502        nan                 nan                 nan                nan                    0.193294           0.0132612            0.165181           0.0257647
    503        nan                 nan                 nan                nan                    0.193344           0.0116374            0.165294           0.00909341
    504        nan                 nan                 nan                nan                    0.193391           0.0157511            0.165257          -0.0061164
    505        nan                 nan                 nan                nan                    0.193475           0.0141814            0.165243           0.00254399
    506        nan                 nan                 nan                nan                    0.193509           0.00784848           0.165278           0.0115291
    507        nan                 nan                 nan                nan                    0.19354            0.0176997            0.165339           0.00373479
    508        nan                 nan                 nan                nan                    0.193656           0.01954              0.165309           0.0161841
    509        nan                 nan                 nan                nan                    0.193703           0.0123952            0.165474           0.000162382
    510        nan                 nan                 nan                nan                    0.19376            0.0183492            0.165311           0.00871452
    511        nan                 nan                 nan                nan                    0.193856           0.0167795            0.165547          -0.00200272
    512        nan                 nan                 nan                nan                    0.193899           0.0103925            0.165294          -0.0606227